388

stipendio (1151.) 8,1, fueret 2124, 11. 32,1. fuisset 46,
stramentorum 15, 11, strumentis 5,1. 11. 111111114811, 111122, 9. 27,
strepitum (occ.) 35, 1. 152, 11. 54, 11, essent 111111131,
studiosissime 4,1, 4, 11111111111 111148, 11.
1111111111 i ,)1111[.,11. summissiores ( . f.) 31, r.
11111111 1115111 10, 11. 111111111111111 11111.) 11111, 11. 15,
1151115112111, 49,1, (111116, 11, 31, c, 54, 11, 1111111111.) 8,1,
1. 35, 11. 41,1, 36, 1, summo (11. 11,) 7, 1111111111
1151111111, 11, 11511151, 15, s. (aco. f. s.) 14,11,45,1, 4611, sum-
11511111511111146,1, mum (ooo. 11.) 6,1, summe 7, 11.
115111 (obl. m.) 9,1. subitus 11, ro. 29,1. 52,1.
11511111134,1ο, 111111111137,1, sumerent 3411.
submouebent 10,1, superiori 111. n.) 53, 1, 11 11111 (11.)
115111112811, 115111111115111151. 4,11.9,1, 22, 1, 23,1. 0, r. 38,1.
f.) 181, subsequeretur 3911, 41,1. (f)1,1. 24, 11, superiores
subsidiari 13,1, (11.11.111.)12,1,19,11, superiore
subsistere 16, r. subsistentes (1111. (11113611. [1111111115111151111
111.) 28, s. 15,111. 11 111111511 (obl. 1.)]11111,
1151115111 33, 5. 1, 13, 11. 56, 11. 46, n.
1151111111 19, 1, supero superare 41, 11, 111111111

succedentes (acc. 111.) 41,1, 11111111· praefi, re. 1111111111151,111)28,11. “

11511 (abl. 111.) 28, r. 11111111144, 1,1. 111111111111111.) 38,

Suessionum (1811111111) 6, 11, 11, 11, 11,

suffragiis (151.) 5011, supportarent 35, s.

sui 1151 ᾗ 18, s. 24, 1, c. 2813211. suppresse 42,1.
39,1. ,11. 49,1. 50,1. 11. 11. 53, 11111411.
55, c, 1111111141. 8,ro. 11, 2. Surum 45, s,
1, 18,1,19, 11, 22, 11. 24, 11. 27, s. susciperet 49, c. suscepi praefi. 1. sus-
11. 11. 35, 113811, 39114211. 44, ceperim 111111, 1, suscepisse 22, 1,
s. 11. 46, 11. 47, r. 48, 11. 11. 50, 12. suscepisset 52, 11, 1111111111112,11,
15211, 111 recipiendi (og 15,11. 11111111 (11. 11. m.) 43,1.
16,1, 111111.1.)12,11.5 s. 11· suspicione 41, 11.
cum 6, 1. 36, 10. sibi (d. 111311111111111111 16,1,17,1,
4,1. 18, 1, 221. 11 (ccc. 11.) 1,11, sustinent 18,11, 11111111127, 1. 39,
7,11.12,11.].3,11,14,1.15,11,27, 1, 1111111511142,1, sustinerent
112811. 29, c. 321, 35,1, 39, r. 11,11, sustinuerat 4611. 1111111-
40114311, 1111111911. ·

som est praefi, 11, 4, 11.· [15, 11]. 30, 11111111 (p. 11.) 50, o. 1111 (112411,
1, 31, 11, 36, 11, 41111, 11151, 39,1. 11111.11.)52,11,111(11.11.)
1. 52, 1. eo. 54, rc. sumus praefi, 11, 48, 11. suum (m.) 10, 1, 50, 1111111
1111111111, 11, 11, 12, 1113, 11, 43, 6, 11. 23, 1, 24, 11, 38, 11. 44, 1. 45,
11, 111 21,1, 111111111,11.1,11. 1.52,11. scrupeorum, 11. 111
3, 11. 7, 1. 1. 11. 11. 8111. 21, 11. (abl. 111.) 111411, 48 se. 49‚r.
22,r.24,s.e·1s. 31,1. 33,1. 311. 54,1. 11121,1,11ο(15111.)54,1.
36, n. 5· 11. 38,1. 31111511). 44, s. sui (1111111.) 50, 11. sucrum 1111.)
46,1.11.47,1.48,11.11.5215511. 5, 11. 8, r. 13, ro. 16, 1. 24, 11. 26,
erat praefi, 19. 3, o. 8, 11. 10, 1. 11. 12, 11. 431. 48, ro. 11. 54, r. (n.) praefi,
1115,11,21121121111311. 1ο,14,11,44,1. 11111111.) 2111.
40, r. 10. 411, 4· 51,1. 1521153, r. 231, 38, 11. 47,1, 111. 11.) 2,1, 1111
551111115,1,6,11.9,1,10,11.24, 19,1, 23,1,28,1. 316. 43,1. 47,1.
11. 42, 1, 111111, c. 4,1.5,1.6,1. 1111111135, 11. 48,11. 11111151.
7.111111.9,11.11.10,1.21,1.11. 11.)31,11. 411521, (abl. f.) 32,
2311211211. 33,4. 4211. 44, 1. 37,1. (obt. 11.) 14,1,
11146,11.47,1.48,1.49,1.50,11.
51111. 1111117,1.8,11.13,1.11, Τ. (2 71111152, r. (-.- 7111151.) 11,
23,11. 39,1. 43,1. 1111312311. 114811.

 

