383

4464696,,,4.4646 4464166494,6.,9644 (666.)344,,36639,,,.44464844 eri·
36...2333 46,, ,4644666664 66466614664616461646,
66,5,46,19,4634,6 .,,,.35441643, 40,.444 6.46,,,,,46494444619,
6,46,4 48, 33. 59, 46. purte3(aee.) 0. 4464464416(666.),38 46

5,.’,6447, 1’6, 3. 18, e. 24, 4. 25, 433, permanere 7, 46. 15,6. permanerent 33
4.146,’1911.1991661;19619,’9’ 333. 363333333 6991
4464144656 ,619 30. 31. 98, 6(14“6), 34, permenserunt 4,.3 permittit 48, 46,

31043,3agb·e).,48,10.40. permitteret 9 46.
partiuntur permotus 93, 46
paruis (61149) 10 4 pernitie 39 4
assim 99 6 pemieiosr's 11, 3.
sssuum 20,4. passibus 1833 pernoctare 15,6
pateo petere3, 46, 4616616606 )1,8 44644461666411. 64.)6, 46 (616.) 96,6,
4169991191 14 99 „.,.,.,.. 916946919169419 91919
66146611144, 1⁸ 66444166 646 7666. 4441748, 6 ²pe3se
patiuntur 35, 14. 4461464416 (aee. 6.) 44446616644631146.16466666616
esse 55,6, patiebantur 33,6 pste- (666116.
rentur 19, 4, 48, 14. 4641641166(646)94, 46 perterriti (pl.)
pareeipeueerum(m.,.,.·)500520peu 3,.,,,,,.,,61363544494434 44-64
003 7, 434,.6 46, 46. 48, 44 peuce 1644416616. p3. f.) 99, 6. 6641661166
(aee. 33.) 48, 33. paucis (abl. 44,),7 97, 46. 16. [36, 4]
46,,610 ,,13618,,,6906.,3544,,48 pertinseiem33,4. pertineri315,4
e,(03l.⁵ 0.) ’,44,44 pertiueeiter41,0. 43‚3. pertrueerus 13
6616416166 19,.46 393. paucitate 8,6, 6486. 464146664164466 996.
peulstim 15, 419, 6, 33, 6. 35,.6 p'ertiuereii,p 44, pertineret 14, 46,
616 (abl.) 29, 4. ’,506 perturbarentur 15,6 suut perturbe-
sule (053.) 48, 64. tes 13, 44. perturbatum (aee 64614,
4466 pseis3, 44. 31,6 44666 49, 46 e. 6416416616 (61164.) 33, 3. p-er
4666614996 164714 <epi m.)12,10
4466646 94, 46. perere gre), 41, 46. 4464446641 14, 13 31.
pedites(n.),193. 4464166419,.,617 peepedum9„.,..31041314
6,,19,6 91, 6, pedites (0003 5, 46 4614166665ομ4 6,5,96,446141466650,46.
16, 46 98, 44, 36 6 peditibus (abi.) petunt 21, 4. etere 19, 33. 30, e. 31,
19, 46, 20, 0.28,6. 44, (4611614577) 46, 36 preerant 27,
pellere 48, 13 repetisse 11. petitum(
per 12213 253311, 28, 44, 42,5, 46, 4 {,9'211333333111032'313¹ 110313138331‘3
446116146760114715114 Ρ461ο61164 (44.) 96, 4. Pictonibus (ubl.)
mwmfflmw,wfflmw Ἧ,6
6441666 (44, 4414. 4416444466 49,,4
percurre reueurrisse3 46, 46 52,.1 4166464664 14, 10.
4464666641 3, 44 plebis (6,,)7 46. 22,3 59, 14. plebem
perditsg‘gmffi 66)30, 44. perditis (6411. 1)Ιέὲὲ 1}ss m (w Μ ³ (w nn,
perducitur 38 44. esse 4464146166 22 4 8, 4,
perennis (64. m.) 13, 44 plerumq 035, 44. 19, s. 18, 44,
46416661366. 66616641616164 per- 6166190450, 46 4416466(6.44146.)
1616 (rs 44.)9,6, 18, 44, 444. (666.64.,,)384 (aee f)

44674646 perfecerit praef, 46 esse per· 17, 342431333 (aee.1,23,00. 4416-

1661646666. 6664446661, 13. ribus( 3. m
6641141936 4844. 44.) 34, 16
perfugis (611.) 40, 4, 4466446964, (4444, r. poene 3, 46. 91, 4,
46446616666411 41,, 49, 6.

4464466166 pericu

8 1. purimis (611

5, 46 perieulum pollere 22 0

 

