334

2. 21, 4. 123, 11 28, 5. 32, 5. 7 1, 1.
5. 11. 4,11 11, 1. 12,15. 13,1. 15. 14,
2. 24, 15. 25. 28, 15. 39, 1. 49,11 11.
50, 11. 58, 14. 715,15. 7, 55. 10,11.
23, 1. 30, 5. 34, 20. 25. 37, 4. 43, 11.

7Π 1, 51. 8, 11 ’). 9, 5. 4· 14 10,

1. 11, 5. 17. 51 1. 22. 25, 14. 31,
1. 15, 11. 11, 15. 14, 5. 41, 1. 511
ἐξ 511561 74,1. 77, 15. 78,15.
,5.11.

quam diu Ι 17, 11

quamuis 1111 2, 15,

(11511111Π112,5.

quanta (11. 5. s.) 1111 20, 15. 34,’ 11.
111115111101. 11.) ΙΙ 11, 15. ΠΠ 21,

1171 22, 5. 34, 15. 7Π 16, 5. 111511-

1511 Π 4, 11. 14, 5. 5111151151.
11.) 140, 14. Π8,5. 1111111111 13,
517,15. 311, 719,11 71351.

fflssQOQmQ2ffi
5. 72,1 11111115 7 52,1. quanto
3557.11.)117,15. Π26, 15. 7 45,1.
7, 15. 48, 4. 52, 1. 71 39, 5. 7Π19,
12. 41, 5. quanto 5p515115,5. 7Π
52,1 quantae (11157.) H 4,1. ΠΠ
20,11 quanta (11. 11.) 7Π 33, 5.
quantos VI 35, 4. quantas 7119,1.

quantaeuis 7 28, 11

quare Ι 19,15. 14, 5. 19, 533, 5. 45, 5.

[7 31,11]. 7Π 63, 11 73, 5.

quartus 7Π 25, 11, quartae (1) Π 25,
1 quartum (111.) 1111 28, 1. quartam
24,1. 7132, 15. quarto

I 12, 57
(abl. 1111126, 11. 1141111 21, 5.

Qastmfflffiuffimm

quasi 7Π 38, 14.

quattuor Ι [12, 15]. 15, 2. 24, 4. 41, 11
49, 11Π 39, 15. ΠΠ11,15. 12,11
37, 15. 7 5,1 19, 1. 22, 1. 49, 11 71
3, 1. 29, 5. 43, 11. 7Π34, 1. 40,
1ᾙ1ὢ1

11511,1.13,11.15114,51511.
11.11.6,1.17,118,15.11. 9,1ο.
10, 5. 5. 11, 11. 11. 13, 15. 14, 11.
15. 15, 2. 12. 16,11 14. 10. 18, 5. 21,
122, ¹1.- 245. 215511). 15. 1111.
27,1(515).11. 2811511 29, 5. 30,
1111Μ51115115
41. 51 32, 11 33, 5. 1. 1. 15. 35, 1. 4.
1111115. 36, 15. 38, 4. 1, 11 15. 39,
11111151Ι 40, 2. 511145. 41,
51. 4. ,42, 11515. 4311115
4440115).14.15.46,1,1(511).1111.
1148, 549, 150, 5. 51, 1. 5. 52, 51
Π 1, 1. 5. 2, 1. 5. 5. 11. 3, 1. 4. 5. 5. 5.

ἕο. 11. 12. 4, 1. 1. 4. 65 5. 5. 11ἡ15.11.ἔ151
1 4141155115 {⁰ '112 4⁶] 41 1681151315,
5.1.1ο,19,5,1.4.11(515). 4415,
15111111.16,11.17,1.1.111
1111.19,5.1,5.15.15.2011215.
1111122,1.4.23,124,11(515).
15. 110115). 25, 5, 5. 5. 14. 26, 12. 25,
1. 5. 11. 12. 29, 1. 5 11. 30, 5. 4. 31,
132, 5. 5. 33, 11114. 34, 15. 35,
5. 1. 5. ΙΠ1,15.11111.2, 115
3,5.1-14,1.5,1115. 611111.
11. 7,1. 8, 11. 11 (14⁸)- 1115114.
10, 1. 11, 1. 4. 111115. 12, 5. 15. 15.
13,1 1115. 14, 115. 11. 11 16, 1.
1.17,5.51.5.1111115 18,115.
15. 1311112011. 21,5. 111.
12. 22, 11. 23, 1. 5. 11. 11. 24, 1. 25, 5.
1151211515. 215. 28, 15
(bus). 1111129, 5. 1115. ΠΠ 1,15.
2, 15. 3, 5. 11. 11. 4, 5. 11. 11. 15. 5,
11515). 6,5 (bis). 15 (515). 7,1. 9, 5.
10, 5. 1. 11. 11, 5. 5. 12,5. 11115.
15. 14, 11. 15. 11. 15, 2. 10. 16, 11111.
20. 17, 11155. 18, 11 (515). 19, 5
(568)· 1. 11. 21, 15. 15. 11. 15. 51. 22, 5.
1114. 23, 5. 11. 11. 27, 1111515.
2911130134,11131136,
137, 11. 71, 4. 5. 15. 1151. 24. 2, 1.

’ 14. 3, 2 (515). 5. 5. 4. 5 (bis). 51. 22. 4.

151. 5,1. 6, 11 7,1115. 11118,
14.15.15.9,15.11.10,1.1(51’5).11,
111115. 11,51.12,111411.5.
10. 15, 1. 5. 4. 5. 15. 16, 11 1515111
17,1.5.1118,5(515).1.11.19,4 515.
11112015. 1111. 11. 21,5 515
111123 1124115121111 .
[1511126. 41515155. 27,1. 11. 2,
1. 1. 5. 30, 5, 31, 15. 32, 5. 5. 33 5. 5.
11. 351136, 1. 5. 97, 4. 5. 5. 36, 5. 4.
5. 5. 39, 5. 401141, 1. 15. 11542, 5.
1 11. 43, 1. 5. 15. 15. 11. 510111). 55. 44,
41 11. 25. 45, 4. 5. 1. 12. 46, 4. 47, 1. 5.
14. 4811541115 50, 5. 5. 5. 11.
51, 5. 4. 11. 12. 52, 1. 55 (515). 53, 5.
5. 5. 1115. 51111111. 55, 5. 11.
56, 2. 5. 11. 1114. 57, 5. 11. 58, 11.
55. 711,11. 2511 31115.
14. 4,11.1ο.15. 5, 5. 15. 15 (541)· 61
5.1.7,5.1.115.15.518,119111
10, 1511515111] 11, 11115
(51112, 4. 5. 5. 5. 12. 15. 13,11. 15. 14.
1515155. 14, [21. 4. 5. 15, 5. 1. 1. 111
(511).11.17,111.15.18,5.5.19,1
1. 15. 20, 1. 21, 1. 2211111. 23,
1.5.1111.115124,1.111 2511.

 

