390

1111111129, 1ο. 1111111111, 11, ualuis· 1111111141, 11. 111111 1911. 11111 (11.

1115011. 111111.) 19, 11. 1111111201.
uallem 401. 1111119,1.14,11. 1111111111(111.)44,11.
uallum (1111.)33, 1. uallo (abl.) 9,1. uinculorum 441.

11,15,1, “ uindicare l, 11. uindicarent 3111.
1711111281, 1111111141, 111111, uineis *41, 11,
1111111124, 11, 11111111125, 1, ua· 42,1.

standon 2411, 111 28, 5.

Vatinio (abl.) 46,11. uirgultorum 15, 11,

ubi 15, 11, 36, 11, 41,1. 48, 1111111. 11. uirtus 42, 1. 54, 11. uirtutis 8, 11. 1.
-117,1, 45, 5. uirtutem 46,1,

uehementi (1111.) 48, 1, uehementis· 1111111111 (11.) 29, 1, (111.)39,1, uiri·

simo (11111111.) 15, 11, 1111111111 11111111.)14,1, 48,11,

(αᾱ11.)48, 1. 11111111111111136,11. 111111(1.)111111.,1.40,11,48,11, 11-
111 23, 11111. 51,1. tam 441.

7111111111 (aee.) 7, 11. 111111111111135, 11. 1111 (abl. 111.)
uelocitatis 36,1. 1111111111 48, 11. 21, 11, 11111451,

11111 9,1. 18,1. 23, 11. uix 12, 11, 13,11. 16,1. 21,1.
1111114311. 1111 (11.1.) 3,11, ullo (abl. m.) 3,1.
ueniam 41111, 11111,1,3,11. 23, 1. 41111411.
11111311, 1111111129,1.31,1. 111- 11111(151,11.)16,11,37,1,41,111

1111148, 11. 1111111123, 11, ueniebat ulteriores (11111. 7,11,

51, 1. 1111111117,11,11,1, uenerat 11111111111111.11. 1411111111111151.

101127, 10. 1111111133,1.38,1, m.) 31, 11,

40,1. 44, 11. 47,1. 55,1, uenturum ultra 391.

(m.) 23, 10. uentum 1111123, 11. 1111111251.

1111111111 (abl.) 31111, una (111111.) 141. 30,1, 32,1.

notaretur 44, 1, 111111111134, 1, 39, unde 14, 21· 35,1.

10. ueritus (n. 1111.) 16,1. 111111 1909111111] 2, 1. 6, 14.
(11, pl, ,1) 14, ³. 16, ⁸. und1que 7,1. 12, 11, 18,1. 29,1.30,1,

1111 221, 31, 5, 2⁹36, 11. 311. 40, 1. 43, 1. · ·
11111111 (abl.) 12, 11, 11111111 (11. 1. f.) 39, 1. 1111111111.

um, uerissima (n, 8. f, praef, 2⁰· m.) 53,1, 11111111119.)51,1.1111-
1111111111111(1111011.ι .. uem (Pl')13'⁵· ¹ unius

uest1g10 (abl.) 21, 1. 1111111111 20, 1. 11]ῶέῙῇ ,Ἑαῶῗῇὣωὲιλ unum

Πθξθᾞῃέβε ξ’ ⁵· 1111.) 1, Ι1, 6,1. 7, 111. 18, 11. 41,1.
¹¹⁰ ω ¹⁵ ’⁸‘ 1111111136,1, 391. unum (1111. 11.)
19111 ,(111 m·)31²⁸· 48, 16. 11, 1. uno (1111111, 11.

1119911) (¹1¹) ὅ, 18· 111⁸: 1911. 9911- uocatum (111.) 23, 1, uocatis (abl. m.)

11111111117, 11, 111111111111125,1. 30, 3¹ ,

u101111m 10, 9· uolgare (11. 11.) 3, 4.

11110191 (9411191 11. uoluerant 41, 1, 11111111111 4811.

11111οΠ9919) 19 16· 29, 8· 1111111111 (abl.) 19, 11. uolnerari

112398 21113141010511 43, 1. uulnerabantur 13, 1. 1111111-

uidemus praefi, 1, uidebat 10,1, 29, ratus 48, 11, 1111111111 (abl. m.) 48,
5. uidebant 23, 11. uideret 14, 11. 11. 1111111111111117.111.)20,1.

· 24,1. 331, 36,1.40,1.41,1, 4111, 1111111123, 11, 1111111137,1.1111111111
46, 1, uiderent 3, 11, 9,1, 15,1, 111- 48, 11. uolneribus (abl.) 40, 11.
derunt 35, 11, 11111111 praefi, 11, 11111111111 49, 1, 1111111111. 3,1,
uidebatur 44, 11. uidebantur 2811. uoluisse 301. uoluerat 1211. 111111-
uideretur praefi, 1. 44,1, 48 11, ui· 111111 19,11.
darentur 19, 11. 11111 (abs. f.) 29, uoluntate 43, 111, 541. ¹
1, (abl. 11.) 36, 11, 7111111111123, 11, 48, 1. 1. 1. 7111111111

uigiles (11.) 35,1, (9.) 48 11. Volusenum 23, 11. 48, 10.

1111111111 9, 11. 11111 11111111 (abl.) praefi, 1,

 

