conuallem V 32, 6, 46446114 ΠΙ 20, 46
4444641444 (444. 44.) 711 74, 6,

conuenit VI 34, 66 444464114171 13,
64, 14, 4. 19, 6, 7Π63, 6, 66, 99011119·
4161713146711854, 4644641-
641 16, 14. conuenire 115,.9 111
11, 19 11Π21,.,427 15. 71, 442,
4.21,.,6566. 711,6.,.,3646. 7Π
711.36,11. 64,6, co'nuen'iendiv
57,6, 9099911119511 15, 46 11 10, 46
111111, 46,19,6,23, 46 64444411 11
12,611114,4. 75,6. 56,6,-44664
444441130,6.1Π137,.4 71157,
6. conuenerit 7 21, 6, conuenisse Π1
26, 467 53, 66, 71155, 46. 9011119-
195171519,19.111²,'159. 4644644·

4641186 1Π16,.4 11Π30,6,7

11, 1515, 19. 50,9. 58, 91. 51139

648, 6 55, 19. 80, 19. 4444645661

136 44 7113346484 44446-
4166441127,6 78, 44, 29, 6. 7132,

265

46,6461644441,,12650,6 ‚119, 6711
5,9. 7,9. 9011119V119, 4. 83, 19. copias
113,4.22,6,24,4,31,.4444,,,4144
44,6.,,,,,.4864504451,,6Π5,.4
mff89ffi5mU5QfflQ
6..441Π113,.,.’,.’4414623673,6’
9,6,,.1146.18,42’8,4,,44744.50,
651453664556564719
910,931'„1.7115,..'59189.}20
9Q9mfflffiw9ffi9ffl
44.44.’,,’66,.,466847146.73,,688,
44.6ορ116(4511,’,,11243461,16.
26,,,,46376386Π76 ,10,.,4614
6.17,.4419,6.46,,429 3361116
6114417646204624444ΠΠ
4,4.,,621424,6 7’,,’,,,174619622
9999m½99991
4446647684104615632
9.,.’',419511419.,521 ..f419541os
6266664467 464673479
210

4, 4444641416(.466 9.) 7 28, 44. 90910991095100 (451. 46.) 1 23, 6
conuentu 1 18, 4, 748, 46 901511911999 9099119(951)11113,19.
(999.)154,9. 714444, V111,9. 00990191511919

conuentibus (6511 71, 46, 24, 444644 Ι 32, 44 718, 46

conuertit (4444461 744, 46, 4644441641 Coriosolites (7111 7,5 19. cs. Curio·

VI 39, 5 4444416461 711 56, 4.

6411166.

90999551999V 49, 6 conuerti (9¹99.) 44414444 444116 (45117Π 22, 6.
718, 14. 4444464666 44411 41, 1. cornu (44171 26, 6. 44444 (444111 Π
90119959999991152,19. 901159199m 25,6, cornu (415111 1526. 44. 1911

111 29, 4. conuerso (957. 411 23,

44, 4444446614441125, 15. Π26,
6,ΠΙΙ 17, 46, 4644464616 (11 ΠΙ 156

23, 46 7Π 62 6 19 cornuum VI 26,
ἓξὲ, ξ, 1⁰99115bus (957.) 7126, 9 27,

Conuictolitauis (44.1 711 37, 4 42, 6, 90109911116, 46,7Π72,.,6
Conuictolitauem VH 32, 46 33, 44, 444646 VH 72,,6 corpo ris 11111, 99.
0444141411166144 7Π 559. (1641414- 7 14, 6, 7121, 46, 2446, 51149’, 46,

14111641 (4511 7Π 39, 4 67 19.
4444414444 *conuictam 440, 66,

90111019 125, 44, corporum 1 39, 4.
Π30,,6ΠΠ1,46, corporaH105.

90190997VH14,9.99111509915199711 9019 051599 (4511 Π 27,6 ,7Π 77, 64.
75,,6 4444446161451.46.1140,4,Π 4641146 Π 33,9.

10, 11. 1113,5. 711 23, 4, 60, 1. 89, 441 11416446 711 22, 46, 90111119007991
4, conuocatis (6446114646, 115 441Π117, 4611Π 33,9. 4414414646

5,46, ΠΠ23 46 74,6 717,,66 11111,.11009idi91915112,9V[34,

7Π4,.,43316,,38663,6

44,] 58, 6, 4414446446 (451 m.) 119,19.

000995'94111125, 6, 9991'9101991111 4411116114144111, 44.
7,6, 4461 444416 7Π 61,6, 464416 cotidie 1 16,1 cottidie Ι 48, 19. 118,
(4151..,,4417434 7Π27,6 909559 6.ΙΠ17,46,,1Π1316757,6 90·

7106

tidie VI 7, 14. 44111616 71114, 6,

44614(41113,4,16,,6 ΙΙ2,4, 712, 441141167Π36,,.,4644,67766
447116, 4631, 4471171 14. 44- 06116561ΠΠ38, 6. 731, 6. 33,5 .,35
piam 11’6, 11. 27,6, 111116, 94. 71 46 36, 44. 37, 6 (14116614) 723, 44,
24, 46, 71114, 4644 32,6. 56, .¹·⁶ 52, 11. 7137, 46, (141164141111Π
5979 1141161345 4⁰¹9 3411431111’711
9. 9. 5.
4647, 658, 64. 71131, 6. 45, 19. 56 (1411414511711394
6,,576,,66 1.„699 76,46, 83, 1988 †Cot.11990(a1›7)5113..1

 

