34

5,55 prohiberi 41, 4. prohibit 55 erat 5 55, 55. 15, 5. 54. 16 55 15. 17, 5, 5.

3,7,5 prohibitus ’23, 55.
5551455545129, 55,
5555115551 16,,’5
55555511515(551.55.515,55.
propinqua (54 5 5157, 55
555511415545315, 55, propius (odo) 14,
5515,

proponerentur 8, 5, 5555551155 (4444 5.)

49, 5, proposit4 15.

55551517, 54, 12, 55, 1,7,4 18, 55. 24,
nffipm„o’ffl„rffl,r

555515554135 48, 55. 50, 55.

55555555155111119, 54,

prorumpebat 41, 5.

5551551151 515 1.48 ·,55

5555155155(5.5 5555325 39, 5. 46,
44. 545 prouincibqr 30, 5,5 555-

1111551546,55,555551115155, 35 4 pro·

5155115 (5615

5555515551 42’ 5

proxima (51. 5. f) 25 5551115515(555.

,5,24 55 55551155 (obl m) 53, 5,

5551151515 34, 5, proxumas 18, 5 pro-

p1444441444‘944844 28, 4.

55161155 (re-J 6, 55 5111111555 46, 55.
ublium 46,4, 44. P.

pudore 13, 11, 28,15,

pugnandi 23, 55 55555115195,

putaret 39. 6. putarent 32, 5. 43, 55,

Q. (ε Quintum) 39, 55,

515 (adu.) 51, 4.

2115355155’ 48, 5, Quadrati 48, 55,
Quadratum ’23, 55,

quadrato (obl 54.) 8, 55,

quaerunt 19, 15.554555115153,5.51155-

5551115115(41,55547,5. quaereret 7,

5 (5555511115 38, 51.

5555515515 50 5 5355515555] 2 5 24,5 5.

1551511361. mi 46, 55.
45115151(.55ι4114

4. 5. 35, r. prius..
5513533531 praef 55. 42, s. 52, 5. 55 4
quantum 6, 5. 55. 21, 55 27, 55, 29,’ 5,

33, 5. 52, 5.
quattuor 46, 15.

praef-.....,4141414314.
8,5..595’1”1’,,,51251.17,..5523,
wwmaemfflnssufflsffl
,,,(5551113513,

19,5.,.155555,.5526,.,,51521’4.22,
524,,,.,.,..5526527554511528,5.
551551529,.555130,531,5..55.
15.,5532,....154515 33,.53455.

355536554151555153755.
39,5.40,..,555441,4,..25555 55.

535Ἣ535ῶ553,5
5.Μ53Μ.ΗΜ355
5Μ555355Μ5ω55
5Μ555ὦ’5μ5

55555655115 4, 5.
qur (551 n. 551.) praef, ro *914

1412431144W446430f34,
536538, 55,·’,39 55,43,5. 47,5,48,
5,,,535 45555(5.’5.5.12,’1.5,,755
8..’,510,.,.,..,1511514545519524,
5,.1129,5 40,5 44,...41514 48,4.
54, 55 quod ’(5. 5551541551, 55, 3, 5,
8541215.14,15.15,55.17,1.
18, 15.19,4. 27, 5. 32, 5, 3⁹6,1.r 42, 5.
48, 5. 14. 51, 4. ’52, 41. cuius (55528,
5 37,5. 48, 55. (15555551, 515, 1,
47, ’4’,’”23”’4 ’5 ”,”’1’5. 7274814143014
445 55. ’,,555 565555,1.,55,515’
4ἫἨ5Μ5.3 ffirmss4
54, 4,.55 1111511 (5715.) 16, 55, 31,5 5,
34,1.41,14.48,.4o41.49‚.o5444.
115(50155.,5,540551153’. 15.4,5.
1351751914305 31,536,5.
55, 40,55,45115(5151.551215125.
23, 55. 24, 5. 42, 5. 43, 4. 514511 (5551.
5115155551, 5. 15. 2, 5. 35. 4. 1. 6, 5.
15. 7, 5. 5. 5. 10, 55. 11, 55. 12513,
5. 5 19. ro. 51. 205. 24, 14. 27,15.
28, 529, 1,15,31,5.34,538,15. 44,
545, 5. 47, 5. 50, r. 14. quae (51. pl.
f.)8, o. 43, 5. 31, 55. 46,15. 55, 5. quae
quqmamm44434·

4. quorum (m.) 7. 14. 9, 414. 14.
*11,5,1,355,14,5, 15,,4185 25,
4444 ‘⁹43 ³. 11 3465353115 4
15. 35,.5 5515115741. 55512, r, 19, 5,
(155655 quos praem .4,,513’5,
14,,,.,.4174195”36,.15 554415.
6,’555, quae (554.) prae, 45 5,5,
8533535, 5548, 5551111115 (abt.
m.,)7 5,5 21,.5 (1919, 18. 275,
ΞΞ,4., 46,.5 535, (545335. 535,

15.

5515555555,4..141,5,.42,5..553,.5(51115’,.235
515. 4, 5. 5, 51. 6, 5,5(6151. 5515. 7, 5515555555 quaecumque (5. o) 42 5.

55585595555551055(5145

qnasoumque 5 55,

10, 55, 11, 5, 14. 4. 15 13,5’.5.15,14,5513555155515111(5,5.[.)26,4.5115-

04411444114444111444

25-

 

