1, 1. 6. 11. 2,1. 3, 6. 4, 111119. 5,
16. 7, 9 8, 6. 19 19. 3,1. 11. 10‚16. 11,
9, 12, 9 (51.9). 14,1. 16, 9. 17, 6. 16. 11,
66. 13, 6. 1· 11. 20, 66. 21, 6. 66, 6. 23,
6. 24, 16. 16. 27, ι. 28919. 29, 11. 30,
9. 11. 31, 6. 6· 32, ι. 34,1. 35, 9. 36,
66. 37, 9. 11. 16. 38, 11. 46, 1. 6 45, 6.
6. 19. 46, 9 11. 11. 47, 6. 1616. 48, 6.

365

7Π 11, 6. uterentur Π 10, 15. IHI
20, 11, sunt 991 H 32, 16. usos 6616
1 44, 91. erat 9199 7Π 76, 9. erant
911 Π1138,9, 1991919999 V 25,1.
9999114619. H 7,1.28,1ο. 718,
8. usi(n.p1.)15,6.11H13,11.V1
4, 19, 35, 99, 999199 111111, 9. uten-
(1991(999. 11.) 7Π 78,1.

6. 46, 9. 6. 54, 16. 55, 99, 56, 6. 61. utrimgue Ι 50, 9. 1Π117, 16. VH 42,

11. 57, 9. 58, 6. 53919. 60 1. 61, 1. 16.

Lmffla

66, 2. 66.. 1. 66, ,. 99, ,, 911. 1. 16, utrum (9991149, 11. 50, 16. 63, 16.
6. 73, 11, 74, 1. 75, 6. 76,1. 9. 78,1. 9. Vulcanum VI 21,1.

80, 6. 81, 9(51’9). 87, 11. 88, 9, uulgo (9119.) [139 11]. H 1, 16. V33
9191 7 44, 61. VI 19, 1. utri (11. 91.)7 16. uulgus (11.) HH 5, 6. uulgi (9.)
44, 61. 911991 1 12, 6. 120 6. 71128, 19. 43, 11. uulgum
uterque 1 4219. 7113211. 35,1, utra· (999.) 71 14, 9,
que (11913153, 19, utrumque (66. 99199191 7 58, 16. uulnerabant 1 26,
11.) V 35, 11, utriusque (m.) 134, 6. 16. [uulnerarent 152,11,] 99199-
1. H 16, 5. VI 13, 9, utrique (11. m.) ratur V 3511, numeraretur V 43,
7Π 35, 1. utrumque (9117 31, 1. 16. uulnerato (abl. 66.) HH'12, 16.
44, 66. utramque HH 4, 9, 18, 9, 7 7Π 46, 16. uulnerati (1191.) VH 80,
29, 19 30, 1, VH 80,1,83,1,911991- 6. 9919919119(11.91.)7 4919991-
999(1199.11.)1Π 29,1, utroque (abl. notatos VH 41, 19. 99199191193151.
m.) 7Π33, 15. 91159991381911 m.) Π 25, 9, ΠΗ 1111.
8, 9, 11112, 5. 732, 6. utroque 9919919 uulnere Ι 48, 16. ΙΠ 24, 9.
“ (951. 91) H 8, 16. 25, 11, 7Π 24, 19, 7 52, 9, uulnera (61.) VH 31 16.
utrique (n. m. pl.) V 50, 6. utraque 999.)Ι 26,19, uulneribus (abt.)I

(11.9.)ΙΠ117,19, utrisque ’(1191) 2519. 50, 6. ,Π 23, 6. 25, 6. 27, 6.
VII 85,6. (d. 11.)151,1, utrosque HI 5, 6. 21, 6. HH 12, 16. 37, 10.V

VH 80,16. utusque (115191.) HH 3,1ι.28,19.35,19. 45,6. VI 38, 9.
26, 1. 7Π 7, 9, 70, 9. (19.)Ι50,1. 7Π 50, 16. 82, 9,
uti (111119 uocales) Ι 5, 6. 3, 16. 14, 16. uultum Ι 33, 6. 11.
66. 15, 19. 20, 11. 31, 9, 19, 99, 34, 45, uxorem 1 18, 19, 7Π 66, 91, 99919951.)
6. 47, 6. 52, 19Π2, 9,4,1, 16, 6. ,1. 153, 6. uxores (66661111126. V

1Π1,9. 18,1. 2211, 29, 6.IIH5,1. 6, 14, 6. 71199. uxoribus (abl.) VI
9.11,1.16,99. 23,933,9,74,1,6,
11. 17, 9 (919 uti). 23, 6. 66, 11. 48, 9.

13, 1, 9. VH 78, 9.

51, 11 (919 uti). VI 15, 6. 20, 9, (ante HI (tria) VH 661.
91191491. 11118, 11, v 661. *19, (tertio) 9116299.
(d) I 46, 911Π 13,9. (f) I 48, 1. (9) ΠΠ -7 2, 16. VH 57, 9, 60, 1. 75, 15.

vn 65, 1919) 1 46, 9. VH 36, 18,((1)

87, 6.

135, 16. V 1, 9, (9) 1 [24,4). 30,19, 7 - 7 24,16.
31, 6. Hi, 1. 21, 1. (t)I 20, 1130, 1, 7. (quintum) 1 6, 11.
utilem (f.) 7Π20,11. utili (951.(.)7Π VH - H 4, 66.

76, 6. utiles (666. m.) HH 7, 9.

VIH. (9919999) 7Π 47,19.

utilitatem HH 13,19. VH 23,19, IX - V 461.
utimur V 1, 11, utuntur IIII 2, 5. V X - II 4, 66. 16, 6.V 11, 11. VH 21,

12, 8. 11. VI 16, 6. 21, 16. 24, 16. 68,

6Q6ffi6

16. utatur H 14, 19, utantur H 3, XI — VH 69, 16. ΙΙ’87, 9.
16. V 41, 19, 71 14, 9, 911191917Π XH - H 4, 66. 5, 66. IH11,6.12,1.

77, 66. uti Ι 16, 9. 44, 11. 45,11. H

ΙΙΙΙ 11, 1. 31, 6. V 3, 6. VH 72,19,

25, 19, 28, 11. ΙΠ 89, ΠΠ 2,11, 24, XII. (duodecima) 111 1, 6.

616. V 1,1, 7112, 19, [VH 881). XIII. (1911199 decimae) VH 51,1.
utebatur 1 47, 16. 16. ΠΗ 31, 1, ute· m1-129,1.36,17.VH 74,1.
bantur HH 23, 16. VH 65,11. ute· XV - Ι 25, 19. 31, 19, 7 42, 9, 9.
retur I 20, 9, 36, 6. 51, 9. ΙΠ 22, 16, XVI - VH 16, 9,

 

