336

1, 36, 7. 37, 7. VH 277. 2611. 67,
17. 768, 7. 75, 77. 7711177217.
6, 77. 9 1. 1277. ,17. 4017. 47,
12. 7147, 17,17. ΠΙ 14, 77. 18,77.
21,77. 1Π16,1.7.37,7, 71,77. 7,
1. 77. 8, 10. 11 13, 6. 20, 7. 34, 7. 40,
727Ἦ27Ἀ7Ἇ7Ἧ
417. 7,1.11,17.12,7.18,77.3417.
77, 7. 47, 2. 71,, 671. 7,. *66 7.
77, 7, 81, 1. 17. quo (77.) Ι* 11, 712,
7714, 717. 15,7. 21,7. 22,17. 28,
7. 40, 1. 17. 48, 11. 51, 7. Π 23127,
7. ΠΙΙ, 73 76, 77. 16, 1. 21111 18 7.
24177. 34,1.38,1. 72817351,
49, 77. 7Π 12,1. 85, 7. 88, 7, qul
(n. pl.) 11, 7. 7. 2, 17. 5, 71. 6, 7. 7,
7. 8, 7. 10, 7. 11,17.13,77. 15,17.
17,& *21, 7. 7. 24, 7. 25, 17. 17. 26,
77. 27, 7. 7, 28,77. 29, 1. 7. 7. 31,7.
77. 77. 32, 7.17. 34, 2. 36, 2. 17. 37,
7. 7. 39, 7. 7. 1717. 77. 40, 77. 77. 52,
17175417 Π1, 777172 73,

7. 7. 7. 11. 4, 1. 7. 77. 22. 6, 77 771. 3,
12. 10, 7. 12, 7. 13, 1. 14,1.7. 15, 6.
12. 16, 7. 17, 7. 12. 191177. 20, 7.
24, 7. 7. 7. 12. 27, 717. 28, 7. 7. 29,
77, 31,.71. 33, 77. 17. 35, 7. ΠΙ 1, 7.
2,1. 7. 6,1, 8, 7. 11, 1. 1, 14, 77, 19,
1723 77. 2877. ΠΠ 1,7. 4, 711.
6, 7. 8, 7. 7. 10, 7. 17. 11, 7. 7. 77. ,71
77. 12, 7. 13,7. 14, 7. 7. 16, 77 (bns).
17. 19, s. 21 17. 22, 7. 30, 1. 321.
34, 7. 387 (50). 7. 71, 77. 77. 2, 7.
3, 7. 8,17. 9,1. 10,71. 12,7 (577).
14, 7. 77. 15, 7. 24. 17. 26,7. 23, 17.
80, 7. 33, 1. 35,7 (²15³)- 38, 2. 39, 7.
741, 77. 44 7. 54, 17. 58, 77. 715,
7. 8, 77. 71 9,7.17.116.12,77.77.
1317777. 14,17. 16, 7717. 21,
7. 7. 22, 7. 23, 7777717 28, 7. 7.
30, 17. 31, 7. 32, 2. 1. 35, 7. 36, 7. 77.
37, 7. 77. 40, 77. 42, 7. 43, 77. 7Π 1,
77273747757677
17, 10, 7. 11, 7. 12, 7. 17, 21. 18, 1.
20, 77. 27, a. 28, 77. 31, 7. 337. 38,
7. 77. 77. 41, 7. 42, 77. 77. 45, 7. 47,
11. 48, 1. 50, 7. 77. 55, 17. 58, 77. 59,
7ἂ7ἢ7ῶ7ἥ707
71,1.77. 72, 17. 78, 77. 75 7. 7. 77,
1. 7. 77. 77 (bie). 77. 77. 71. 79, 1. 7. 80,
711. 17. 77. 81 1. quae (77. pl. f.)I
10, 7. 39, 77. 47, 7. 49, 7. 51, 71. Π
19, 7. 77. 26,7. 77. 34, 7. 35, 2. 1135,
7. ΙΠ 17, 1. 2017. 23, 7. 26, 7. 28,
7. 29, 77. ΠΠ 17, 77, 20, 11. 22, 77.
’23, 11. 28, 1. 7. 29, 6. 31, 7. 7. 32,

7. 347.36,7.75,7.8,17.11,7.
{31335257712 537758, 71 71
48:5185123} 265’,12.3⁸7³{,²12.V173,z;'713,
4 17, 47. 1744113747 ’11) 41734
77. 7, 7. 12,7. 20, 17. 32, 7 III 9,11.
IIII 2 7. 20 7 29, 17 30,1. 71,]7.
8, 7. 8, 7. 17, 77. 7 40,7 48,1. 54,
2. VI 10, 7, 13, 7 20, 7, 23, 77. 24,
1. 25, 71. 12· 26,7. 28, 7. 36, 77. 7Π
71.11,1114,1⁶.19‚11.22‚223‚
2‚{⁷2·1·..³1.111 <1721 {¹17
11. 17, 2. 28, 1. 32, 11. 39 11. 4477.
11 7, 7. 17, 77. 71, 12. 77, 7. 77, 77.
ΙΠ21,7. 2277. 237. ΠΠ3,7. 7,
1. 8, 7. 11, 7. 12,7.14,7.15,17.27,
77. 75, 7. 24, 17. 25, 77 27, 77 48,
77. 45, 1. 52, 77. 71 4, 7. 77. 11, 7.
21,1. 31, 7. 40,17. 7Π 5,1. 8,17.
3711767767 77777.
77. 77‚12. guarum 1 1, ι, 29,7. 11
20, 7. ΠΙ ,7. *9, 77 13, 77. 28, 7.
711111'11ffss'1111‘ ’73774777
77. 771, quorum (77.) ΠΙΙ 5, 7. 71
16, 7. 777577 (d. m.) Ι 28,17. 30, 17.
81,77.45,7.11114,725,7 ΠΠ2,
747717277379 33 3
17. 44, 7. 7Π 5, 71. 40, 77. 41, {a 73,
,747 7, 7 ,7 z:
mffi2fflmmstmfflmQ
2. 11 5, 71. 7, 7. 11, 11. 24, 7. 28, 7
7. 31, 77. ΠΙ 8, 7. 7. 16, 7, 17,7. 18,
719,17,22,7.2611.ΙΠΙ2,7.4,7.
774747777
77. 18, 7 26, 77. 35, 7. 7. 36, 7 37, 3
146 9 1,,673787.’·6ἶ’,ῒ63’
1, 7, 8, 77. 77. 1277, 19,17 21, 7.
40, 7. 7Π 5, 7. 9,17. 13, 7. 19,11.
3 7·6ῗ’9·6ῗ7ῗ77ῗ33,86;
77 50, 7. 77. 52, 17. 61,1 6277. 63,
1, 73 77. 77,17 777Ι14, 71715,
1247. 30,77. ,1. 347. 44, 77.
Π 8, 77, 351 ΠΙ 4, 1. 10, 1. 11, 11.
17, 2. 20,16. 26, 7. ΠΠ 4 11417.
17, 1. 17, 7. 21, 7. 77, 7. 77, 7. 77,
77. 11, 77, 23, 7. 77. 38, 7. 42, 77. VI
LameszffimQ
7. 7Π 11, 77. 221. 56, s. 60, 7. 7.

 

