986

Gallus (1191999 Τ195199)ΠΙ 9, 11. 711 39, 19. gesserat 1135, 9, [esse]
09191999(11.)11,1, (α51.)11,19.19 3991911191 IH 9, 91 gesturi esseut
Garumui (111) IH 97,,1 ΙΠ9, 19. 39919199 VH 75 91, 39·
[Getes 1112 ,1,] 1911191145,1,1Π17,1, 1111321
3991999Π1113, 19. 34,9. 79951, 71751. 7113751
(99149191099399. 4951. 57,1.566, 1. 75, 1. 77, 49. 39-
18999599999(11.)57Π11, 19. 19591715114,19, 859 gbranturI
1999911199991191199 11, 1.⁰ 119,’,191,’,491 11199,
1195991(999)7Π111.19. 391114419. 7Π14,19 9319116119
(1999991119. Genauam 17,1,9 (3) ),9757, 7Π 44,59. gerendi(
399913999159111756,9, 11.,9)141 III 101 18, Π119519
generatim 1 51, 1. VH 19,,1 171 99, a 711639 gerendum
39991Π11,957194,,15399191198, (1199Η11)5,141,9Π59,,,,11Π1901
17139139911519 (11.)7117 9. ΙΙΠ 90,9, 7Π1411,,,391 gerebatur
gentium 57195, 1 gentibus (ἀ)7 111 14, 99 7Π 30, 11,. gerebantur
54971991713551.3919191911Π96,.9 VH
5515 5385551575Π5599559 5555395115915159 151511553555557155559555955539551155991151155Π533,
194, 19 79,,9 19, 19 16,9, 189 9539919111 911 7Π14,1. 39919 essent
VI1'6,419. 11111119 191114 11199 19919911119,9911
a. generi 7Π49,1,391191 (999.) gest· 9 51 46, 99. 399119( 9449.) H 35,
Π1190,,13999195,111.14,9Π111 1.,,5,,5,Π17111Π381978515,53711
19 19,19,94,9, 95, 1, 7 15,11 16, gladium 7 44, 19. gladio (sibblV 44,
171 515, 9, 98, 9, VH 399 genera 99,5319111919111159,.93193119351.)
(11)71 13 9. genera (999)71 95 19 9,59,1,Π93,9, 95519, 749,
19. 7Π 795, 9 3999111199 (9511715 9,715119,19,88,9,
1313199599 711 95, 9
(1913599199 VH 34,9. 36,1, 37,1, 38, glandibus (abts VH 81, 11 glandes
19 40, 19. 41,1,549,,1 (19139919711 g(orec.„)V439
44:9⁹9, 9 43519, 45, 9.59,,1 gloriae (3) 751150, 19, 31911919 IH 94,
Germani (31,)198, 11, 31, 19 99. 36, 1,7Π1, 91, 319151919, 14. 799, 11,
19 47, 9. 48, 11, 49, 9. 515 9591111 19119199191114, 11.
4 99191111124169131114, 51991(09.5,5)7Π691199991 7 36,,9
915,.,.5,,,,5,1517Ι71989991194ο (1999(95(.,)1Π111711,1,
959, 9 35, 94. 37, 1 41, 1 49, 9. 67,19. Gobannitione 71149,
7059198311. (1919999199197 Gorgobinam 7Π9,19.
19.3191999133,9.43,,9144,5116199919(ἀ.)5,71949
11Π1513,.,.5,9941171699 797 9199919(α511)),,1999 V48‚9. 71
999819559717989919 149.
39,1,.1 (1911599911 (5,) 11,9 ,547 11.619159911110,19
111’119,19.929,9 7151171165, 3199619(11.111.)5143,9,31911315993155
19 (19199999133, 19 39150 ro. 111)7Π79, 11, (511.,.)7Π93946,,9
19 Π1,,,,939 ΙΙΙ511,,9 HH4,.9 3191199(3.Η18,9ο gratiam120,9.
6,17,9.1.,16919.15(9,,5,11419 11.35,..,991940 ,4491ΠΠ7,,9
7519,9,11.5519,1,,.941351.419, 74,159,97,9955555,195,,71159543,·
911131.904991man19(999)11 19 91120,19.54, 19 3191195,5199
199,59.31,19.Π49.,,[1Π79]Π11 18,.,199950143599 1199. 71
6,115,799,9..19719,,97Πο319.1959199 7113959639, gratias
(1911999993)Π114,,9 VI 11,, 94,141,,1
1.,,959 Germaniam V13, 19 711 gratia (praep) VH 499. ·
65,11.09119991117131,19 gratulatio V 539 7117993919-
(1911151991991151. 11) HH 1851, latione 153 19.
39193 391117 44, 99. 391991 1 1,19, gratulatum 1 30,9
19. VH 88,1.3919917Π39,19.39-31919111 (ooo. 11.)51 44, 99 gratiora
rere 11315 4 1Π93, 9. 98,5,9 11Π6, (9991711619,
11. 3999915991 7Π 577, 19. gesserit 31991 (abl. 11.)511Π94, 9, 319919 (11, 11,)

 

