2&

(9111111316 19919619911111 19239386281611,,,1211.
6,.9 factis 9111111 8,19, factis 13,.9 23,19. 531911. 54,16. 21

(66111111
21126.

6.Π119.250,.1

13,11.14,.,,,111159126 ,18,630,
1932,.112Π19,,923,1.35,.96

1991191192 56,.9 2112,.1 1996191199 36, 19, 39, 9, 41, 1461 61,.6
(19121116 22, 11, factionum VI fero 1916 V 13,11, 4499212, 99,

1 6199619999 (999.) 1 31,9

1111996214, 11. 12, 9 21, 9 289 2Π

19991699132, 1613861114, 19, HH 6316. 19199611122, 6. 21406,

29,134,19,,240192Π44,150,
99, facultatis mi 21, 19, 1999169-

VII 66,19, 22, 16, 19119 Ι 13,19,
14,9. 2919 39,,6 ΙΙ28,.ΙΠ9

69111138,.9Π16,.93,,1912,.91Π1 41Π11199251139 6218,

22,,,921211.4411212,9.8,.11
32, 2Π80,.91 1999166 6691216

2 49, 9. VH 50, 19. facultates (aec.)
· 118,11.Π1,19,211,9, 199911961-

bus (992ss VH 12,1.
6ω22,6,
191999(11.)11’114,11 falcium 11114

16191999 (999.) V 42, 16, 2Π22,1.

84, 9, falcibus (951.) 2118616.
fallendo HH 1316191199ἀί 21150,

1,19191119991110,.9
falsis (abl. 111.) 2120,6.
191119(11..),2539 V'1530,9 ,3,.5136,

6,,.,2Π31811, 191115239653,

6,2Ι20,921,,,,6246 VH77, 19.

1999922919 19919912812Π
12,19,191119230,.9 21120, 96.

21. 35

19.31,.11 2Π20,16. 90 21,.,1259
22,11. ferebat HI 15, 9. IIH 25,
16 211 46,6. 1919119116 H1, 161Π
19,626,1.2Π15,1191191Π26,
4.mfflfflmffifflffl9mm
1110,19. Π113,91,19,,9 2Π12,
16 69116 IIH 34,9.24,19, 21162,
16. 19191996 V 21, 11, 6911999 114,
19 44, 99, 9999 1919199 IH 8, 19. la-
turi ( 1.) Ι 40, 96. laturus 1 3996.
21111 19,12,19.1916111ΠΠ10,1.
191991912132,19, 191111 39, 96.
2Π66,6.191991199133,99 ferendi
V, 191Π118, 9 ferendum (11,)ΠΠ

19. 1919911919 (acc 19125216.
191969969111 24,16, 19119191 HH
11, 9 VH 24, 19.

ferramentorum 2 42,1.

familiae (6.,1150 11. 21 19, 1, 21126, ferrariae (11. 111) 2Π22,1,
1.,42 19, 48,.1 1991199141, 19-1911919(951111.)Π113,1..9 2Π23,

1111119121 I 32, 19. 33, 11, 32,6.

1991119111099 11.) 221919 fil

211 14, 9 64, 9, familiarem (111) 119,

96, (112129

16119111(11)Ι25, 1. 21211. ferro

(951.,,)2309

11 53,16 (1)Ι18,16.191111119199 191611199116921113161916111991111909,

(1113921,30,19.19191119111199(951,111.1

mffifflw
19911119116969 2 3 19.
6192ἑαὶ991150, 1621219. 21146

11.),.21241

fertilitatem H 41.
1919919919 2Π 22, 11, 1919919969 (ace.)

2439.

191999699 (acc f 1 V 43, 9.

*fastigatus ΙΙ 8,19. fastigata HH 1919919199 (11.) 21 28,1. feri (11. 11.)

17,19.

131,11.114,99.191919111 2125,

fastigium (11) 211859. 1996919661) 16 19119 (11. 11.) Is47,9. feros 133,

VH 69, 6. 73, 16.
fatum (1199113916.
Mmiffi,m.w7,m
saa 19999 (,999) 2Π 2419.

felicitatem 1 40, 99. 21 43, 16
feliciter HH 25,11.

{39 II 15,11,19119(.951 1ἶ)ΠΠ

fibulis9 IIII 11,11.
6191991(111.)111Ι21,16,1111911(91111)

2Π26,9.

11119961 .12123, 11 fidei (9.) 23, 99.

1911111199(6,12121,16, 26,1 feminis 41, 1.111191913,9ο.19,19.16.41,

(1112Π23, 19.
19919161 111235, 11.
191991991999114, 11.
191911,11,126301439112311
25,631,91213,1,8,,610,6 ,12,,1
15,11,18,1120 1. 28,1. 11111119. 20,

19469, 42,19,113,.113,,115,9.
ΙΠΙ11,1.,,,21112216,25,6.6,
19219 2093614595619,
213,,,’,,’,1936141611119Π14,9.
25416.21’4,6.’,,,.’2Π264115,
110,.,91921 .4,,.29,2299

 

