367

77,ι5,514151·511Π116,5.7Ι7,5,
7Π10,.,,4195 7015495 5165-
15511’,5,31 ΙΠΙ 155 717, 5, 711

5117515315365445
78, 4, 71114, 44. 5151557119, 11.
444'111 (abl. 541Π1 7, 4

8311, 51611Π5,15.75,4.1ι 51- 51541515 15551 1111 77, 4. uinculis (4456)

141111111010305311118,

71170, 55

15 7Π 76, ιι 735, uiderit V 58, 5154115551 7111, ι5 5151155155 (ys)

15. 5115154 ΠΙ 315, 514151551Π
17,11 714315515155117714.

111, 76, 5, 5151155155 1555. 5.1 ΠΙ
5

Π76,,5 7Π49,5, 515155551Π74, 515554 Π17,1. 11171, 1,5. 7Π 175

515, 5115151711155.7115,.15
77, 515 uidentur 1'1 14,5, 51155-

115, 531, 515515 15511 H 17,5,
4.

1517335 7Π 83,1ι. 5141555151 5151Π15,5.[515515 1555111) Π11,7 15].
7175, ιι. 7Π 14, 141570, 15, ui· 5151515 7173, 11. 5151515155 (m.)⁹ 71

4151113415. Π176,5 ΠΠ37,.5

3.7,5

711,,ι 511555151140,ι4, 1133, 51111151.1Π117,15.5115141)735
15. 5115 1551.) H 75,.1, 5111 (5171

511145, V3,.,143314.VI42,1.
1111,'.⁰4111464111111118,4.,2014.
1132,4.,440.,.,4814514141136,14.

44, 4. 71 19, 1,5. uirorum 7Π19,
,15, 51115 (abl.) H 33,14. HI 70, 5

435 67,4. 77, 55, 5141515151 Ι 33, 51155 7 1411.
44. Π11,5, 78,ι5. 777, 41. 44, 44, 5114151115 15511Π113 14
53, 55 71345. 5514351575 7151555547Π38,5.39,,.,555563

&,4wffinffim.sswuffl1
54,.,155 54. 69,4,8314 51415155-
15116,1,,44051 1111, 14. 135.

..14 711155551514117117357111-

655555 711 4315711141551515
(5511711531,

18, 41. '1111 78 5 711, 533 5 7Π 7111415511 ΙΠ17,515.711111551555ΠΙ

35, 44, ιι. 5414, 4411111418,

131571114156145 ΠΙ 17, 1.

45, 515555517Π 17, 15, 5155 551 51111151 VH 71, 14,
147,,5 Π114,4. 711,.44184,.5 51115578,.ι543,5 .VH7714. 511-

5515157 44, 4. uisum est 1147,
4.,5l4.,HH81.V2,11 58,.4 71
77,5 7Π10,,5 5551 51517137
4 1115144. 5155 5551 Π18,15.

7Ι,701 5155 5111171 75, 11. 51551
51555 7 315, 51555 esset III 78,
11. uisae 5555511 7715515551

mmffl,n.ffl}4.ssh,ffiw
m4ffin.w‚n.n½414
1ἭῊ7575Ἧ3575
67, 5, 77, 15, 83, ιο, 5115111 1314.
1131, 10. 735, 4. VII53„4 51115-
1517,5.Η7Μ55Ἧ7ΠΠ
7ώ577575Ἦ85ἾΜ

15 711 70, 15, 57, 14. 80, 15 uirtute
Ihw,4.w‚44,6fflmae
14 33440, 144447’, 11. [⁹144.
5,,17Π79ι 8,5.77,.533,44.Π15,ι5.14,54.
715555571195 13,571,..5.775,534,55.44,·
uigiliam VH3, ιο. 731, 5141115117, 44 57, 5,.15 54, 14 71 74,ι. 14.
171554054115Π11153 40,ιι..517113179,5,47,5
5ΠΠ 73 4 734, 73, 14. 7Π58, 50, 559, 15, 71115115551551.1144,5.
5, 60,,4 71,5,83145131111515511 uis 1'111 131551. VI 78, 5, 36, 15.
731,.515].,.37ι 411118‚'.‚.11111014,4'11111,4
4141111134,14.1111381413,4.22,1.11113,44 17,14.
uiminibus(abl.,)11334.VIl6,.4VH 54. 7715105 7117,1ι,11,,4
73‚20. ,30,14,40,1.57Π33,.556,15.37,
515445515555153,ιι 5 511615 Π11315155 ΠΠ
uinclum uincla 15551 Π19, ιο. 5155115 4,5 ,,15 5 71 14, 14. 71170, ,735
15511135 5115515.,1ΠΙ55. 7Π50, 14. 775.
51555 5155115 7 30, 4. uincerent 71 uirium VH 73 ιι, umbus (d) Ι 53,
43, 14 uiceritI 31, 41. 51515551 4 5115515551ΠΠ1, 1571173.
4345 VH 70, 4 511555113411. 8315 5115151151111 335 .1H4,
51555511335 (51515151515145, 45 14, 10. 76, 15. ΙΠΙ 35 5
ιι. 515141511717415,515115141 51151171 16 4. 71,5, 34, 44. 51155

(acc.m.)VI43,1o 5155515555.)
7Π754 5155155151177,14,
5151511451 117Π 88, 4 5151515111.

 

