342

111111111Π4,1.15,1. repperieba- 11.24,11. ΠΠ [2,11]. 3,1, 5,1,7
1111171311. 11111111111153, 1. 1.9,1. 37,1. 71,11. 7,1.11.8,1.
11 1111111 7Π 77, 11, repperi· 11. 26, 1111. 28,1. 4. 11. 29,11.33,
1111 Π115, 1, 11111111 est 129, 1, 34, 1. 38, 1, 42, 1, 49, 1. 5811. 71
10. 53,11. ΙΠ 22,1. 1181111 suntI 3,11.12,11.22,11, 30,1. 32,1, 37,
52, 1, repertae suntI 1111111- 1.7Π7,1,9,11,10,1,11,1.11.17,“
· 11172111. reperta (11. 11.) 71 1. 11. 18, 11. 28, 1. 30, 4. 34, 11. 35,
19 11, 111111117 54,11. repertis 11. 42, 5. 45, 1. 55, 11. 58, 11. 631.
(13111.) Π 9,1, · 1. 65,11, 67,1.1.11, 8211. 88,11.
1113131311111113 ¹ ³¹’ ²⁸· 1311’111)1113’”13’1133’7
noioeane 1 11,1. 11111111111111,11. 11ζ1, 111131, 11, 1, 1111111111,
reposcent 7 30, 1. 11. 18,1. 19,11.27,1. 29, 1. 92, a. 38,
repraesentaturum (m.) 140, 41. c. 44, 11. 114,1. 15, a. 20,1. 22, 1, ,
reprehendat120 11. reprehendere 7Π 27, 11, ΠΙ 4, 1, 8, 4. 1311, ΙΙΠ 17,
11, 11, reprehendit (111.) 11111, 11. 11. 11, 11. 11,1. v 1, 11. 111,
1. reprehendendum (1111.) 7 33,11. 127,11,7111,1.12,11,14,[1],11,
reprimi Π1 14,1. represscwdtm.) VII 17, 11, 23, 112411, 42,1,43,1, 7Π
8, 1, 14, 11, 29, 5. 52, 11,59,1, 66, 15. re·
repudiaturum (m.) Ι 40, a. bus (17.) Ι 9,1. 19, 1, 33, 11, 1114,
repugnare 11111. repugnantes(. 16, 111111, 17,11, IIII 5,1,16,1.
111.)7Π42, 11. repugnabat 1 19,1. 741,1, 717,11. 13,1, 21, s. res
re nirnnt VH 63, 11 requirebat 71 (111.) I 3,1,1,,14,1,11, 18,1, Π35,
1, 9, 1Π15,1,11,1, 31,1, 7117,11.
1111111111111· 1111111111111
1.’11,11,11,15,1.’11111,’11, 13,10f 1. 30,(1, 3’3, 1341. 31141111 2}
25,1.1ο. 74, 1. 11, 1. 25, 1. 31, 5. 1. 3, s. 15, 10. 17,1.11.21,1. 24, rc.
45,1,48,1.11,49,11,58,1, 7112, 11, 25, 11, 35, 1, III 7,1,9, 11. 18,
11. 19, 1. 34,11. 391. 7111, e. 2, 1.21,11.26,11,ΠΠ5,1.11131114,
1,,3,1.10,1.26,1,35,1,38,11,40, 1,19,11.21,1,23,1. 24,1,28,1,30,
5. 41, 5. 43,1. 63,11. 67, a. 77,11. 1.34,1-.11. 38,11.7211.3,11.4,1.
78, 4. 80, 14. rei (1.)Ι 14,11. 21, 5,1.1. 71111. 8,1. 11,1. 10. 18, 1.
11. 80, 112 32,1. 39,1. 40, 111. 44,11. 26, 11. 28, 11. 36, 1. 311111, 11. 51,
Π10, 11221. ΙΠ3, 11. 12,9. 21, 1.52,1,55,11,56,11, 57,11, 712,
1, 231 11. 24,1, 26,1, ΙΠΙ 9, 1. 23, 1,5,5,6,1.1. 9,1.10,1, 12,11, 14,
11. 27, 1. 729, 11. 57, e. 71 11, 1. 1. 20, 1. 21, 10. 30, 1. 32, 11. 7Π 2,
211111. 22,1. [39,1]. 4111111111 1.6,1.81. 9,1.13,1.18,1,24,1.
1, 1, 111, 11, 1, 11,1. 1, 11,1. 44, 11,11,11,1,11,1,11,11.11,11.14,
1.56,1.11. 57,1. 58,1. 64,1. 77,1ο. 1.56,1.11. 61,1. 64,1,72,1.74,1.
11. 90,11. (11.) Ι 23,1. Π 17, 13. 82, 11.86,1.89,1. 90,1.
ΙΠ15,1.18,11.72,11.7117,15, 111117171111111111111111(1112011.
VH 3, 5. 14, 4. 20 14. 24,11,31,1. 35, 11. Π 5,1. ΠΠ 16, 11. 746,1.
- 33,1. 64, a. 11 (d.) 7 8,1, rem 711,1. 3311. (17.)Ι 33,11, 1111
Ι4,1.5,1. 9,1. 11,11, 17 11,18, 25,11.77,1.711,11. 1111111111-
11,11,1,11,11, 11,1,1 14, 1. 11, 111 1111, 1. re publicar 11,1.
11.43,11.50,1.Π1,11.17,1125, 7121111.
11. Π112,1, 30,1, 7 1,11, 28 1. 11. rescindit 71 29, 1, rescindunt VII
29,8,-31,1.1. 36,1, 3811. 44,1ο 86,11. 111111111ΙΙΠ 19, 11, resci- ·
47,11.52,11. 7110,1, 13, eo. 38, derant 7Π 58111. rescindi 17, 1.
1. 7Π11,1.11.32,1.36,1, 39,1, 7115811, rescindendos VII 35,1.
42,1. 45,1ο, 85, 5. 88, 1, 89, 4. re rescisco resciit I 28,1,
112, 11, 20, 11, 23, 10. 26,11. 30,11, rescribere I 42, 11.

31,1, 35, 1, 37, 11, 39, 11, 40,11, 11. reseruari 7 34, s. reseruaretur Ι 53,
112,1ο, 4, 1,1.11,1,1,1, 32,1, 111 11. 1111111111 (abta) III 3,11. re-
12,1, 18, 11,20,1, 21, 11, 22, 1. 23, seruatis (aet. 111.) 7118911.

 

