292

imperii 11211111111111211, 137171 40,11,7Π 281. inpetu
111111, 11. 1 1111111111 1., 11. 1 111, impetus 1111111, 1, 11,
20,1157,1.631.76,11.79,1. im· 2.11113,12.V11‘ ,15. 80,1. ·
perio (47.) ΠΠ 21,11. V 2, 11. 11,11. impiorum VI 13, rr.
7Π1,1.37,175,11, imperinm (aee.) implorare Ι 32, 11. inplorare V 7, 11.
Ι 3,11. 45,1, H 3, 1141111. ΗΠ nn lorabant Ι 51, 11. inploratum ,
16,11 77,11.20,129,11.,7117, . 13114.
1. VH 20,19.33,1164,11111111111 rmpnnrtatem Ι 14,15. ,
(1111111, 18,1130,1.31,11, 33, imae imo(atz.a.)11119,1.11n17,21
11.Π1,11.11,1.11.724,1139 1. in (1111 15711 1,11 3111111111.
111„ 10, 1. 11, 11. vn 11111 1, 5. 2. 10, 1, 1. 11, 1, 11, 11, 11, 1,
,fi ifffflffl ii &iiim 11ίῇ ¹⁵’1¹2¹‘ 123011 (11.2111, 11. 11, 1. 2¹4
1111161... · ’⁷· ’ 1111111....11111
impero 11111111171, ΙΙΠ21,11,22, 1. 2. 3, [a 1521. ar. 42. 32111.
11.71,111.11.11.7,11.20,1.22,
4. 14. 12. 37,1. VI 4, 12. 10,1.7Π 4,
118111, 11,31,1,45,1, 611, 64,
1. 11, 86, 2. 90, a. imperant VH 75,
2422211 ii: 6136111166ῗὲ
16, 5. imperaret VH 90, 2. impera-
rent 1 36, 2, imperauit Ι 28, 1. 1.
46,1Π28, 11111127, 1171321.
imperauerat Ι 7,11. 29, 11. HH 36,
17111 im rarat H 33111111-
337337. (1161241161113 ξί

11. 33, 11 1” 1. 11. 34, ιο. 35,1 36,
e. 11. 11. 38, 1. 39, 4. 10. 15. 11. 40. 11.
11. 11011). 11. 42 21. 43, 1. 22. 44,1.

11. 1111. 45, 1. 46, 1. 1 2· 47, 14. 11.
48, 14. 49, 2. 5. 51, 2. 11. 531111.

12. H 1, 1. [1111111. 2, 2. 3, a. 4,

Η111111ω6181
11. 9, 1. 10, 1. 4. 111041). 11, 11. 14,1.

16,1.18,1 (bia). 19,11. 20. 21. 22. 21,
12. 22, 1. 1. 1. 23,1. 8. ιο. 12. 24, 1, 25,
e. ra. 111011). 261111. 12 (222). 27,
eememermemmen
33, 12. 14. HI 1, 1. 11. 11. 11. 3, 5. 5,11

111111115111511 VH 75,1. impera-
rentur H 32,·1. VH 30, 11. impera-
tum eat VI 30, 1. erat imperatum
1111,10.11126,2. V7,20. impe-
ratum erat V 47, 1 erant impe·
rati VH 66, a. imperatum (ace. n.)
V 37, 4. VI 2, 12. imperato (att. 111.)
1111111, imperata (aee.) H 3, 1.
35,1.720,1.1ο, 711011. impera·
tie (abl. m.) VI 4, 2. (s.) H 21,1,

impetrat I 9, 2. impetrant H 12,11
impetrare VI 2,1. inpetrandi V 6,
11, impetraret Ι 35, 11 impetrarent
Ι 9,131,1, HH 13, 11. impetrauit
111 22,11. inpetrassent HH 11, 4.
impetraturos V 41, 11. impetrata I
31,1. inpetrati IH21, 12. VH 63,1.
i2151pet1211HH3,4. V 36, 11. VH

,11.

1111111111. a.) Ι 22, 11, H 25, 12. HI
29,1 impetum Ι24,125,1.44, 25.
46,11.52,1.Π11,1111111120,
1121,1. 1112,12.19,2.28,12.1111
17,11.26.1135,1.37,1. 718,1ο.
21, 11. 28, 11. 34, 12. 35, 2. 47, 12.VI
8. 11.37,1.39,11.7Π10,11. 13, 4.
46,1.62,11.80,11. impetn H 6,1.
24, 2. 111 8, 1. ΙΙΠ 121. 717, r, 18,

6, a. 711. 1. e. 11. 8, 4. 14. 9, 2. 11. 11.
11, 1 12, 1.1.13,11. 21. 1411. 21. 22.
16,1 17,1. 201. 12. 12 (011121, 1. 22,
1. 424, a. 26, a. 11. 27, 2. 28, 2. 11. 29,
11. ra. ΙΙΠ1,11.1111.11.4,1.5,1.
1117111. 8, 2. 4. a· 10,1.11,1
12,11.11.1115,1.19,1.1.20,1.21,
1215. 22,1. 23 1. 11. 24, 2. 5. a. 11
26,11.,27,120,1.1111. 3211. 1.
1111511331111. 31113511.
38,11.71,1. 10. 2, 1. 31111. 12. 21.
4, 1. 1. 1. 5, 2. 1. 6, 2. 5. 11. 11. 11. 7,
1.1.18,1.1.111.11.9,11.11111·
11,1.1ο. 12, a. 12 (bia). 12. 15. 13, e.
111114,1.15,1.1.1. 16, 1. 17, 1.
19,11. 20,1. 21, 11. 22,1.11. 24, 1.
4. 1. a. 2. 21. 25, 1112112111.
12. 31, 4. 32, 2. 33, 1. 1. 1 (011111. 34,
11. 36, 11. 37 1. 39, 11. 41, 1. 42, a.
1111114311.41111411.
11111 49,1. 5011. 531111. 54,
11. 56, 11. 11. 51158, 11. 711,
1.2,1.4,1.11.6,17,111 [11]. 11.
8,11.11.9,1.11,11(011).1.11.12,
a. 13, 1. 11. 11. 11. 14,1. 1. 12. 11. 15,
4. 16,1. 11 (bre). 17, 11. 18, 5. 10111).
21, 1. 1. 10. 11. 22, 2. 23111 12. 24, 2.
25,1ο.11.28,11.29,1.1130,11.1

 

