8011. 8811. fuga111,11.18‚21. 114411111115311. Π1,1. 4,
5111531111,1111,11.12,1.1. 11. ΠΙ 20111. IHI 6,1.1 1, 11, 3,
26,11, ΙΠ15,1.19,11.26,11. 1111 1.5,1.1ο.6,11.11.11.22,11. 27,11.
12,1,14,1,15,1,18,1.27,1,117, 5311.11.54,1.56,11.111,1.1.3,
11. 20, 1. 21, 11. 118,11. 32,1. 35, 1,5,1.11,1.11.]2,11.13112911.
1.11.41,1.43,11.,1Π20,11.26, 11. 441,1Π1,11.11.3,1.4,1,15,1,
28, 15. 47, r. 88, ru. 11. 20, 1. 25, 5. 29, 12. 37,1. 4311. 55,1.
1131111531. H 24, 11. ΠΠ 14, 11. 59, 1. 63, s. 71, 11. 76, 5. 0111111 ( .)
11 8, 11. VH 66, 1. 111111111151.) Ι 2311. 30, u. H3, 1, IIH 16, 11. VH
11 30,11. (Γ.) 118, 5. fugientium 66, 1, (1111111117,1,10,11,31,11,
H 11, 11. ugieutibus (ri. m.) 1Π 33,11. 11. 35, 1. 1137, 1. 4411, 1111.
88,1, 111111111(111.)19,11.1Π 45111. 1411111111 7,1.11,1,
67, 11. fugientibus (ubl. 11.) 1Π 62, HII 16,1. 11. 19, 11. 12, 2. 131. 20,
1ο, 1111111111Π38,1, fugiaseVH a. 23, 11. 41, 5. 54, 1. 58, 111112, 1,
38, 11. 40,1, 111111111Π30,1. fu· 13,111Π1,1.11.6,1.77,11.11.41.
garani V 10, 2. VII 58, 11, Gallia Ι7,1,17, 9,20,1,24,1.30,1,
fugitiuos (111111 23,1, 31, 11, 11, 34, 11. 441. 11. 45,1, 46,
[ayo fugato (abl. aa.) VII 68,1. 11. 53, a. Π 1,1.1. a. 10. 12. 2, 1. 4, 1.
fumare 111 24,1. 31,1.111,1.11,1,18,,. IIII 8,1,
fumo (abl.) Π 7, a. fumi (1111148, 11. a. 29, 111 5, s. 6, 11,8,1, 121111,
funda 1 35, 11. fundis (abl.) 1111 25, 13, a. 1. 24, 1. 21. 55, 1511. VI 1, 5.
114111181111. 5, 8. 11,1, 13,1.31, 13. 7111, 1. 31,
funditores (111.)Π7,1. 10, 2. 24,11, 1. 34,1, 37, 9. 59, 11. 66, s. 77,11,
funditoribus (abl.) H 19, a. Galhas ΙΙΠΙ 20, 11,
scaeda fundebant VII 24,12. 1111111151. Gallicae (1.) Ι 47, 11. HH 51. Gallici
s.) HI 6,1. (11111 54, 11. Gallicum (acam)
fungebatur 111 25, 11, 131, 11, Gallicam (1157. m) VII 53,
(1111111151.) HI 1411. 110,1. 1. 0115151157. m.) V 43, 1. 43,
funibus (157.) ΠΙ 13,1, HH 29, s. 2. (111Ιί151131, Gallici (111.)

sanas funera (a.) VI 19, 11. funeribus VH 231, Gallicis (ci. 111.) Π113,1.
(abl.) 7119, 11 Gallicis (11. s.)11111, 1114, 11. 11

furorem H 3, m. VH 42,1, 11111111 7,11. Gulieis (d. a.) 112,1, Galli·

40, 10. eia (15111.) I 22, 1. HH 20,1,
furto (abl.) 11 16, 11, gallinam V 12, 11,

*fusilis (†1usili) 1 43, 2. Gallus 1 45, 11, 48, 11. 51, 5. VH 25.
¹ 1. Gallum 11118, 2. 149, 5. Galli (pl.)
(11511113311Π 75, 9. 61511111Π 11,1, 1112, 11.ΠΙ2 1. 28,1.11Π2,

7, a. 6 , 11. 1. V 49,1. 50,1. VI 8,1.18,1. 24,1,
Gabinio (abl) Ι 6, 11. 1Π 1,1. 131. 1111. 26, 1. 14.30,1a.
1111 (111.) 111 4, a. 461, 59, s. 70, 11, 73,1, 75,1. 80, a.
81151153, 11.Π15,1,1Ῑ27,1,1Ι41, 15.81,1,82,1,83,1,85,1,(1111011111

11Π81, 11. 33, a, 1. Ο. (= Gai)1 117,1.19,11.23,1.31,1111331.

47,1ο. Gaio (d.) 1 241, GaiumI 31145142,1111111111.

47, 9. 111121,2.v 24, 10. 451, VI 19,15. 11115,1,13,1,15,11, 124,

1,1. 29, 11. 331. 1Π3, 1. 11,1 (Gy. 1. 27,11, 53,11.11.56,1. 11111. 16,

40,1 (0.). 87, 1, 90, 1, 1, 11, Gaio (ab .) 119, 11. 30, 1134, 11. 1Π12,14.17,

Ι40,11.47,11.117,1.116140, 11.22,1.40,11.69,1.88,11. Gallis

2711 65,1, (d.) I 25, 5. 31, 414 1, Π 2, 5. 30,
Galba (a.) 111 1,1.3, 1. 6, 11. Galbae 1.1Π1,11.2,1,ΙΙΠ ,1.127,1ο,

(1.)Π13,1. Galbam ΙΙ 4,11. ΠΙ 1, 112411. VH 15,1. 20, 11. 30,1,

1. 5, 1, 45118511, Gallos11,1.11.1c.
ε11111Π21, 11. 44114115,1111151111.

allia (11.) 11,1. 16,1.ΠΠ20,1,16, 11121,11.45,1ο.54,1.11[7,111

112911. 111101, Galliae (911 1Π 51,1. 81, 11, Gallis(abl.)140,

1,]1.2,1.3,11.11.17,1.191120, 11.44,1.Π1,1,17,1, ΙΠ14,11.1

11301111. 3111111. 34,1. 43, 48,1.1Π 29, 10.

 

