361

63,15,131311133131133111 1118,11, 33343 ueteris (9 [,11 14,1. ueteris
18,1,81,3.88,14.55,15,6313,131- (9. 11,)113,13,1131313111(1.)Π1 84,
cingetorige 1119,115,13.86, 5. 33, 4. 7111, 51. uetere (111 54,15,
544, 15, 63, 5 885 11313131 (13 111.) VI 40,1 11313133
1131311139,1148,11.11313631111Ι19, (11 f.) 143,14 (33311111 VI
11,15,15,1131313111116,11,113- 18,11131311633(361.1)130,5,31,
1313111111 140, 11,Π1,,3 113111113Π 3111815,
11,5 1Π15,1,13,,,,,1595851,3311113111(11.,,1Π80111311113(351,111
44113415 ’48,1358,,’;.11Ι891 36,,14461.
111 11, 11 88,15,1131111(111)11Π 14333 1313131311 HH 15,11. 113131-
15,15, 1144,1,1Π 88,3.67,14,88, 33111Ι 14, 13, uexandos VI 43,1.
5. uetitos 1115, 11,1131313114,,5
33131111,13,11Π80,1,135.1131-11319,,11113111138,1,4.,1Π1411,
331131Π18,5, 1113119,,41114,11118,,11“14,4
131336131111116,11 13, 80,,5 88, 11 1113331. 911111
11313138,,,154311,,,,,,Π8581431 86,131113111111491111113
111183,,,113’,,;86,5Ι11113486 111565,1113311183,,,1311915,
531,,’,,’,111141335,31,,,’,51,’ 55(11)1113111135431
55,1.,.,,’,,’111838133951Π80, 1Π
11 84,15 3811 4710 77, 41, uiatores (3331 1111 5,4,
1313131115311415,13131113ηᾶ515 1115511111111115, VH 85 5
(abl.) H 15, 5, 83 5 uicensimum (113111 81,
1131333111 44, 15 1313311111· 1115111313311313.
116,,5 1Π 7151 uersari Π1,5 31311113111113 (11111345
84,1,11181,3,,40 1513133113111111 110111113131117Ι163.
14811, 5813, uersaretur H 25, uictorem VH 8835111313131 (11.1)
1511313313314511, 44511141311113 1116815 111313-
8831313 3611 ¹1¹ ²³ ⁵ 311511. 111 8. 318113ῗῖ0
m 515.
ΠΒΞΠ861Ρ116Ρ51151111581351155517Ι1714Ϊ,58, 11181111117 (111 153, 11, 1113131133 (9,)
1311133 (111 V 45,5,13111331131431 1Π86,11.153,5,11181,3 85,
143113 uerterent 1116135, 1311311111 1,81,1,,41 5, 68,11,66,1, uic·
53,1, ΙΙΠ35,,137’,,15111Ι88,5 1055131737„139,1575119,14
11311313 IH 815, 31,,3 58,1. 1113131131 14,13 31,
131331331111111,1, 31,ΙΠ18,15,19,1584,5134,1,
5511355311311Η3,11,1515111155538,1,43,5,47,11,53,11471116,
11.,,1ΠΠ85 11313(533.,11185,,,805’ 380, 50 5813831131. uictorias
uerutum (11.) 11 44, 15 1311131161) &579⁸ uictoriis (3611Π1 81,1,
1 13, 14.
1333119’3113111138,1,89,1 11131113(11.)1188,1.83,15.3131111(9,)
33353113186,3, ’,,’501 11331 158, Ι31,55, 1113111(361,11184, 15
57116111 11131131Π115, 11131(91ΙΠ115 8,
uester uestrae (9.) 1Π 11, 15 uestrae 3.6,14,11133(351.)ΙΠ1,11,11131
(1111Π50, 14 3311131561, 1141711 (1311111143 5. 113331μό1 11,
51 uestri 11111,11,1133113 11, 88,1 1Π14,5.13.116,,5 111
(115111317Π77Λ1,14,3,111313(1101.,,1Ι513Π7,,1
333113133511ΠΠ83Ἷ515, 11185, ΙΠ89,,,,,131Π11911Π1711
5. uestigiis (1161171811 1111133 1184 5, uidet 1138, 31111131131Π
3331131131111111111111183,1,33311311-80,33.111113111 11184, 5, uideat 1188,
dos VH 31, 5, sunt 11331111 1 14,1, 15. VII8 ,11, 19, 14 31133111151111
4433113 uestem VH 41, 15, 64,.3 3143131865111113531133,
33311113(9.,1Π11113,,1Π881 1346553111111351111
ueteranorum I 84, 4, 58, 5. 58, 11, VH 6, 3, 87, 4, 59, 15,
331333131311111133,13. 1131111119,111(’1363111113113,13, 1111363111 111
13, uetuerat 11 80, 11,Ι 18, 15. 41, 5. VH 85 3 1113133111

 

