inutilem (f.) 7Π 27,1, inutiles (15115.)
VH 77, 55, 78, 9. inutiles (11. f.) H
16, 9. 1111 29, 9.

ipse Ι 3, 11. 4, 11. 10, 5. 1251120,
4. 5. 11. 21, 1. 22, 1. 124, 5. 26, 15. 33,
15. 36, 4. 4914. 51, 5. 52, 5. 54,1.
II 2, 4. 5, 4. [25, 15]. 35, 5. IH 1,11.
2151214125. ΠΠ11,11,12,
15. 13, 11. 21,«4.15. 23, 4. 39, 5. 71,
15. 2, 11. 5, 5. 8, 4. 9, 1. 121515.
2525252522
53, 1919. 71 1, 4. 5, 15. 6, 5. 7, 11.
29,11.33,5.34,15.37,15.7Π5,5.
6, 1. 11, 5. 30, 1. 33, 4. 19. 34, 5. 38,
144215. 44,1. 47, 99. 49, 9. 525.
62156215. 64,1.86,4. 87 9. 89,
19214. ipsa (11. 511) 1 53, 14.
4992‘9259.7199719999 99
(9. 111.) 1 34, 5. ‘14.'94 1545111
76, 4. ipsum (111.) Ι 18, 51540, 11,
53, 19. VI 5, 19. 30, 5. 5. 19. 7Π 18,
5120, 19. 32, 15. 62, 4. ipsum (555.
Ἠ7Π50,1.11155(111.)Ι12 151111

9.

mmmmffiffimmw
73244215. 58, 18. 71 37, 1. 42,
5.7Π324.151(117.)11,15.13,4.
17, 4. 24, 19. 28, 15. H 19, 11. 20, 5]
H9Q9Ham99999
1. ΠΙΙ3,5.11,15.12,5. 1214. V
9992999999
19. 3215. 37,15. 7Ι11, 5. 211.
14, 9. 25, 5, 26, 5. 29 5. 52, 2. 95 19.
58, 11641721. 7211. 111555 (pl.)
7127, 11, 1115511111 (m.) Ι 1, 1. ,44,
1911115111 51913242
20, 19. 75211. 7Π 14 112211.
621, ipsos Ι 13 14. 225. 3211.
40, 94. 44, 99. ΙΙ 4, 54. 10, 10. 25,5,“
VH1‚19. 1415. 51. 29, 1.38,19.91.
7151· 99. 3., 93, ,49211231
Π 3, 15, ,7 35, 15. 7Π 20, 9. 38, 9.
(7171Π 23, 19. VH 3215. (11.) 7Π
55ἕ617115 (11.) 7Π 42, 5, 11555161571
,4.

iracundum (m.) Ι 31, 45.

15121. 3,5. 2114. 1211. 131. 11.

. Qmssmssw9mafflm

5. 7 30, 4. 39, 11.54,15. 7Π 57, 5.
55 ( , s.) 14, 1. 8, 1. 1215, 23, 9. 46,
11. 50, 19. H 23, 5. HH 4, 11. 17 19.
HmvffimmfflHWOEL

299

0
20, 15. 24 5. 33, 5. 3215. 421. 16
25Η11Ὦ4841Μ25
1111225. 1573215. 54, 11. 71 Ι, 5
4, 5. 32, 15. 7Π 31, 15. 32, 15. 35, 5.
46, 4. 57,4. 58, 4, 51115015115, 1.
7, 1. 11. 15. 1214. 15. 125. 1919.
9999999991
27, 5 31, 44. 45. 3214. 321539,
mfflmstwaffinst
948, 5. 51,1. 53, 11. Π8, 11. 121.
13, 5. 33, 19. 111145. 4,11. 6,14.
1215. ΠΠ 13, 11. 16, 51. 21, 5. 34,
5. 73, 15. 4, 5. 5. 15. 7,4.9. 121.
25, 5. 4. 27, 5. 51. 38, 1. 41, 15. 48,
1. 52, 9. 56, 11. 57, 4 5. 58, 19. 772,
1. 4, 1. 5, 5. 6, 519, 1. 29, 15. 30, 1. 14.
36, 9. 7Π 4, 9. 5, 5. 9, 14. 224. 21,
5. 325. 32, 19. 37,5. 15. [745. 75,
29. 76, 9. 77, 9. 88, 1. 9i99m 1111

121. 13 14. 221. 722112215. .

5151111541 73215. 71321136,
5. 5111511.) Ι 1211, 19, 11. 325,
44, 15. ΠΙ l, 19. ΠΠ21,27,5. 7
32,5.54,5ο,7110,11,11,5. 22, 5,
225321, 7Π25,125.37,5. 69,
525ΜΠ2425Μ2
9. 72, 4. 12, 11. 13 19. 714,1, 16,
19. 26, 5. 31,15. 44,.5. 7Π 34, 11,
36, 5. 37, 15. 38. 1ο. 44, 5. 58, 15. 51
(dan.) Ι 215. 20, 5. 22 5. 34, 1. 38,
1. 41, 4. 19. 48, 9. Π28 5, ΠΠ21,
515ωω15552
15. 7Π 13, 5. 1121121344. [42
ffissstmfflffissssffim
32, 15. 325. 7Π 641. ’(15) 7123,
5.7Π614. 51111117,1.8,5,13,5.
19, 5. 26, 515. 225. 24, 5. 27,1
1m999999999
551445. 42151. 43, 5. 44, 55.
47‚9.14.48‚4. 4911. 45215. H
1,1.3,1.5,5.15.11.6,11.14,1.16,
523, 15. 31,11. 33, 191111, 1511.
17, 19. 28, 9. IHI 11, 9. 13, 15, 15,
11. 18, 4. 21, 5, 22, 9. 19. 7 1, 15, 3,
5. 15. 51. 4, 9. 6, 5. 7,14. 11, 5. 15. 29,
5. 23, 9. 25, 5. 33, 9. 36, 5. 3211. 39,
4. 47, 5. 49, 1. 55, 15. 7121524.
9, 5. 15. 124. 29, 15. 33, 11. ,35, 11.
425. 445. 7Π 11. 124. 31, 11.
32, 5. 5, 37,11. 5. 55, 19. 57, 5.
6211. 55111Ι1,55, 4, 9. 5, 9. 19,
9. 13 515. 17, 19. 19, 19. 30, 4. 31,
99m999mm99
141215. ΙΠ2,5 1211112523,
15225. ΠΠ1,15.32,5. 7215.
24, 19 33, 5. 35, 5, 36, 9. 38, 19. VI

 

