gradu 9, 1.

111111111141, 11.

gratiam 501. 11111111,1.11.1111111 11118,1.12,1.24,1.32,1.

[efflabant 11].

Ianuarias 2,1.
131 4,1.11. 14, ao. 24,1. 32, 1. 34,1.

gramana (11. 11.)44,1. grauiter 23, 35, a. 39,1.46,1.47,1,48,1152,1.1,

11. 48, 11

habat 48, 11. 3131111114, 1. 2411.
44, 15. 3131311611181 451.
4811. 49,1. habebant 14, 5. habe-

Gutrnatum 38, 1, [Gutruato (1137.) 38, 11.] 4445145114 23⁹ η

em 27,11, eandem 8, 1. idem
(aaa.) 3, 11, 48, 11, eedem (m.) 15,
1161. 31, a. eadem 10,1. eodem
(11.)1,1.1.19,11.22,1.27,1.1.41,
11. 42,1.44,11. eadem (aee. 11.) 27,

111611. 24,11. 32, a, haberent Ι 11 isdem (1137. 11.),14, 1.
2, 1, 32, 5. 3131111154, a. habitu· 1411111231. 1311111(131.11.)28,1.
ὣ(314111115111518012ῢ8,ῃ(11ω 391311- {leogart 48, 44711. 11.) praefi, 11. 3,1 ’

111(17.)2,1. hiberna (1111.) 4, 1. 46,

11. 47, 1. 1. 54, 11. hibernia (113ῑέ 2,

1.4,1.11. 6,1.11. 2411. 5015 ,1.
hibernaret 481. 3131111111 46, 11.
hiemabat 11,1, hiemaret 49,1.
31111115, 111.

343 ist) ⁵4 a ⁴⁶’ ’3 1⁰²³ ³⁸13·
11. 1113 1111 ,111 11, ⁰12. (7111 11ζ
1. 1115 (aeas. 14, 1,

immolabantur 51,1.
. . impedimenta (1111.) 7, 11,
hoc (11. 11)53,1. hu1ua (1‘.)10,1. 3111 rmperaterem

9, 11.

(111.)17, a. 4811, huna 18, 1. 44, 11311111113111.) 241.
15. 48,1. 501, hee (aaa) praet, 11, empore rmperat 9, s. 27, 15. 37,1. 38,

40, 1. 48, 11. 52, ao. (13.111. 41,1.
3111811191. heo (abl. n· 9,11.

1. imperarit 48, 11. imperabatur 48,
5. imperata (1111323, 4. 25, 1. 31, 11.

. 55, 1 19, 10. 21,1. 39,1. 31121 1111111118 11. 30, a. 35, 11. 36, 11.
1351151115, 1111831, 1) 1 ‚ffatt

ffipissu 24, 11. 48, 11. impetus (1111.)
, .

(111. the. 221, 311 (131111.) 20, in (111111 1131))111111, 19. 2,1.4,1.1. 5,

14 ,1 (α37.)1)7,1. 4611. (aar.
119711.

hemin148 10, hominem 23, 11, he·
mina 53, 5. 3111111113, 1. 25,1.
26,1.30,1. 11. 4311. hemines (111.)
361. 3111111311(1137.)30,1.
31111111 50, 11. 15. honere 51, 1.
honorifice 49, u.

heri 35, 6.

3111111281.

hospitiis 3, 11.

hostiae (11.)Ι 51,(1,

beatis hostem 9,11. 11,1. 1211 27,1.
40, 5. 48, 11, 31111 37, a. 311111
. (11.)3,1.5,11,8,1.10,1.16,11.’18,
1.19,11, 28,11, hostium 3,1, 7,1.
8,11.9,1.1.,11,11. 12,1.11.14,11.
11.16,1.18,1.21,1. 26,1. 2811.
29. 1. 1. 36 1. 41 1111. 42, 11. 48,
1, ,1, anthus (411 11, 11, 1³. ae,
1. 11, 11. 11111 (aeci 5, ..1 11.10

1. 6, 11. 7, 11. 1111. 8111. 9,1
11.11,1.12,11. 13, 1 *14,1. 15, 1. u·
[11]. 11. 16, 1. 11. 11, 17,1. 18, 1. 19,
11. 21, 1. 11. 22,1. 23, 1. 24 1111.
26, 1. 11 11111. 31,1 (3111. 1. 32,
1. a 34, 11. 36, 1. 1· 38, 11. 3111.
40,·1.1. 41, 14. 42, 1. 10. 43,1 *a 1.
44, a 45, 1. 1. 1. 46, 1. 11. 11. 11. 11. 11.
47, ³'h458’ 1. 11. 11. 49, 1. 1. 50, e. 54,
8» 121 ' ⁴·

in (111111 1111.) 1,1.11.2,1. 3,1. 11111.

4,1. 5, 1. 10. 11. 6, 1. 11. 15· 7,1. 11.
11. 8, 5. 11. 9,1.11. 13, 10. 14, 11. 11.
16,1.17,1. 18, 1. 1. 1. 11. 19, 11. 23,
11. 11. 11. 24, 1. 1. 11. 11. 11. 25, 1. 1.
26, a. 27, 1. 11. 11. ao· 29, a. 30, 1. 31,
1. 1. 33, e. 351. 1. 11. 11 36, 1. a. 38,
5. 11. 11. 39, 1. 40, e. 41,1. 11. 42, 1.
44, 11. 451. 46, 1. 11. 11. 11. 47, 1. 1.
48, 11. 11. 11. 50, 1. 53, e. 54111.
11. 11.

1.20,1. 27, 11, hostia (1111 16, 1ἶ in uitem 6, 11.11,1.19,1.29,1.

36, 11. 3ο11ἰ311(137.) 9,11. 28,]1, 1111111111τί 9, 10, inaedificata (11. a.) 5, 1.
humanitate 21,1 incautius 48 11.
humiliores (111. m.) 51,1, 11131,1ἑ11κ;.(1111(154)1 4225, 21, incendiis (1131.)

 

