fflmfflffiffimfflmw
6666

283

21, 6. VI 2, 11. 43,1. 6111111111(αό1.
f.) VH 65, 16. 57, 6.

figura (11171261. 27,1, 28, 10. figura 1111111111 ΙΠ1 26,1.

IIII 25, 6. 71 28,1.

111111111111Π113, 11. IIII 17, 19.

filia Ι 26, 11. filiam I 3‚16. 9, 6. filiae firmo firmat 71 29, 1ο,

(pl.)1 53, 11.

,11111111111111111 754,1. 71181

1111, 11111111. 111 4, 1. 31, 11. ,, fi1mam1 62, 1, 1111111111

1110141131173511- filiumI 11111111. 1111. 1113111. fir-
41, 11. 11111. fflio (1111 V 41. mas vn 66, 6, 1111111111. m.) 111

711651. 111111 7112, 6. filiis (151.)
I 26, 11. Π 13, 2.
1111ἔ111171 37, 16, fingere 1 31,,1,
111 (aco.) ΙΠΙ 4, 11,

73, 16111111 (151. 11.) VH 69, 11.
ξῖἓὶῗειέωὲ,(1. 117201, firmissi-

11111111 (1111111111, 11.

1111111111 VI 18, 6. finire 111111, Flacco ((111) 1 47, 1,,

16, finiri VI 25,1.

flagitare 1 16,1.

finis (11.1.) 7Π 25, 16. finem Ι 20, 11. flamma v 43, 9, 117116, 16.

33, 4- 164, ῙΙ 6, 9· 16, 11· ,V 17, 8· 11111171251. 11111111 ΠΗ 33, 11.
711411. 66, 11· 811- fimbus 111) flens 126, 12. flentes (11. ,1.) 1111.
1 6, 9. 11 16, 11. 1111. 11111111 31,1. 1111111, (n. f.) 151, 11. vn

1111111111. fines (111116, 6. 11.

26, 1.

8,1.9, 16. 10,1. 1616. 11,1.1.12, 1111111321. V 33,11.

119, 1. 26, 14. 27, 11. 28, 1. 5. 11. 32, fio flare V 7,1.

11. 37,1. 44, 11. Π 2,11.4,1. 11. 5

111111. 12,1. 15, 5, 1, 16, 1, 111 11, 1401θῦ3 01· 1 f.) IIII 3,1. florentem

1. 20, 11. 23,1. ΠΠ 6,1. 8,1. 10, 1.
Μ1ἠ1ἢ1ὣ17213
11. 11, 11. 18,1. 261. 27, 66. 46, 6.

,11,1.)Ι1,1,ἒ,132, 11, 111111111111111(1111.
. ,1.

floris VH 73, 11

3184, 54, 9, 56, ,3, Ἦ 3, ,, 10, 16. fluctuum 1Π 13, 6. 6111111 (111.) 7 1,
22,1.1.23,11.25,5.1.32,1.42,8- 6, 1111111511(1111.)Π1124,1, 28,1.
466. 6117, ,0, 8,, 9, ,0, 11,,3, 1111111111(11.)11,1.12,1.38,1.11. 711,
6414. 65, 1. 66, 4. finibus (abl.)I 17-‚1,8‚²· VI 7, 111ῘΠ59, ¹5- flu·
1, 111.13.16.11.2,1.1· 5,, maj& 11111111],11.8,11.38,11. 11514.

11. 11. 31, 11. 11381. 41111. 44, 11.
Π5,11.10,]1.28,11.ΠΙ1,1.ΙΠ1
1, 6. 3,1. 11. 111. 10,1. 18, 6. 111.
722, 6. 56, 6. 7161. 7,1. 13,11.
26. 23,1. 25,1. 29, 11. 31,1. 3211.
441. 7113,11.13,1ο.14,11.20,
6Q6ffi6stw
6111111119. m.)VI 11,,1, 1111111151.)
Π12,11.1”11111ι111111171 16. fini¹6im6m
71111, 1,, finitimi (1111 1111.
Π 2, 6. HI 8, 6. finitumi (pl.) V 27,
11. 38, 1, 1111111111 (pl.) 71164, 11.
finitimae (11.11Π20, 1ο. finitumae
( 1.) ΠΙ 23, 1, finitima (11.1117Π
,9, finitimorum 11 17, 16. finiti·
marum V 68, 2. finitimis (11.) 12,
11. 5, 6. 1111111111 (11. m.) 1128, 11.
3111111, 1111111111 10,6. Π

11. 18, 6. 23, 16. 11114,6.15,6.17,
1111111114.7181581171
25, 4. 111111, 11, 34, 11(511).56,11,
57, 6. 61,1. flumini III 11,1. fiu-
111111(111,)11,11. 6, 6. 8, 1. 121.
68. 13,1.11.13,1.111,11.1,1 16,
1118,1,1.19,1.11.23,1,1 24, 6.
Qmfflmmm6m1st
1. 11. 15, 6. 17, 16. 7 9, 9. 18, 1. 71
8, 6. 6· 33, 6. 7115,1.1.11.11,11,
34, 6. 53, 11. 67, 11. flumine Ι 1,11.
1111211. 161. Π5, 11. 10,1.1-
18,1,19,1ο, 1Π1,111,,1,1, V 3,
1113171251, 11Π15, 11,17,1.
35, 6. 55, 11. 58, 11. 60,1.1. 61 1.
11, 1,, fiumina 11,) 111 11,, 11-
minum VI 30, 16. fluminibus (151.)
ΙΙΠ 1, 22. VI 21, 11,

4, 11, 31, 6, 7121. finitumos VI 5116111161, 1111111121.

23, 6. finitimas118, 16. Π17, 6. 1111151111171173, 15.

finitumus V 566. VI 34,11, 1111111- foedere 7121,

mis (abl.) II 161, 29, 14. 71201, foris VH 76, 16.

711651, finitumis (abl. 111.) 755, 1111111611 7126, 5. 1111111117 1, 6.
1. 7Π 90, 6. finitumis (11111.) IIII 1111111Π114, 16. 711231.

 

