&mmmfflmmfflhamm
wfflaffisffiustaffimQ
iassmssmmffiffQa
4111111. VH 5, 11. 6, 1, 1. 9, 11.
lffl6mmfflmmffi6ffl

w

19, 6. 21, 6. 31, 16. 39, 1.7Ι 5, 16. 8,
so. 29,1. VH 18, 6. siluis galil.) 11
19,15. 1111111131, 11, 7 ,14, 11.
15,1.19,1.21,1,32,1. VI 5, 6. 34,
aa. 31, 1 41, 6. 7Π16, 1. 32, 1. 4511,

11(51’1).11,11,11. 21,1. 281, 2111. siluestris (16. m) H 18, 6. 71 34, 1.

QmffimffiQOstm
ssmffl6mmffiaffimm
67, 1. Ἡ, 1. 74,1.11.77,11.11. 66 18,
uffiaQsQaQa

Sibuzates 111 27,1,

sic Ι 38, 1. 44, 11. II 41. 15, 6. 32, 1.
111 6,1, 16, 11. 16. 1111 1,11. V 11,
4. 17, 1. 23, 1. 31, 11. 44, 11.51,1. 71
18.1. 30, 1.11.41,1. 7Π 17, 11. 19,

siluestrem (m.) 71144, 6. siluestri
(abl. m.) VH 31, siluestribus(al›l.
11.) 7 19,1. VH 1, 11.

similis (11. 6. m.) V 53, 11. (166. Γ.)

VH 43, 11. simile (11. 11.) 711 77 66.
uerisimile (1111.) ΠΙ 1311, similem
(m.) VH 41, 11. similem (fi) 747,
{iffi 73,811ὲ.4 ῗὶγιηᾟωὸῑ. s.) 1114, 1.

614. 16. 23,1. 2811. 30,1. 11. 37, simisitudiue VH 1111111.

11, 62 so.

1111111141 1111) ΙΙΠ 38, 6. V 24, 6.

· 111111 Ι ,11. V 58,11. 71 26, 1.
*30, 6. VH 47, 11. 11111Π32,1.

1111767543, 1. 71 19, 6. 111 11117

6. ,11.

sideribus 1511711411.

signifero 1111111111.

significatio V 53, 6. VI 29, 11. signi-
ficatione Π 33, 11. 71112, 11. 81, 4.

66'966'1266 significant VH 3, 6. signifi-

significari 1111 3,1, significabatur 11
7, 16. significaretur 1111 14,1.
sigffuffi (4⁸⁸)AE 43 4 ⁵1‘111Silg6nu1lssl 41⁰⁶?
45. 14. 62, 6. 81, 1. signo (1111111,
1. Π 25, 1. ΙΠ 4, 1. 5, 16. 1111 2311.
7Π 3, s. 46, 6. 521, 1110111311.) 71
37,11. 7Π88, 11. signis ( .) 1111
26, 4. sigua (aaa.)1 25, 11. 39,11.
11. 40, 66. 112111, 2511. 26, 1.
ΠΠ 26,1. 7 3411. 711,1. 8,11.

simul 119, 11. H 24, 6. 111111. ΠΠ

13, 1111241. 26, 11. 27, 1. 32, 16.
V 3, 6. 50, 6. VI 1, ,1, 8, 14. 23, 4. 34,
14. 36, 1. 711 12, 11. 30, 6. 31, 6. 48,
QOffim

simulacra (11.) 71 1111666.) 7116, 6.
simulationem 140, 11, simulatione 1111

1345le 750, 4. 11. VI 8, 6. VH 19,
9. ,5. ’

simulo simulauerunt ΠΠ 4, 11. simu-
mssffiafflffimfflmffi

lati Ι 44, 61.

multatibus (abl.) V 44, 4,
sin 113, 10. V 35, 1.
sincere VH 20, 14. .
sine 1 7, 10. 9, 11. 14, 6. 19, 16. 341.

8. 36, 16. 40, 16. 42, 6. 44, 6. 40. 46, 6.
H 5, 11, 11, 11. 15, 6. [25,111. 31,1.
ΠΙ 21, 6. 4· 24, 1. 1111 4,16. 8, 1. 27,
11, 30,1. 76, 11. 29, 11. [31,11]. 33, ⁴
16. 41, 11. 45, 1ο. 51,1. 52, 6. 63, 16.
VI 27, 6. VII 1. 16. 20, 6. 6. 61. 52,1

(bia). 58, 6.

64, 11. 31141, vn 41, 6. 11, 14. singillatim 1112611 4. 6. 11, 1.,
11, 6. signi· (11111111, 1111, 11111111 11. 6. f.)1144 ,,, ,,,,,,,.
11, 6- 33, 11. 1111 1111. 1⁷18, 16. 1111 lan (11. m.) V118‚6. (11. s.) 11111,

2, 6. 46, 14. 51, 1.
Silanum VI 1,1,

silentio (651.) VH 11, 16, 18, 6. 26,1.
28,11.36,11.58,1.60,1.11. 71,11. 11112, ·
singuli (11117.) 1 6, 6. 48, 16. VH 321.

81, 16.

Silii (9.) 1118,1, Silio (abl.) 111 7, 11.

siluae (q.) III 28, 11. 71 10, 11. 25, 1.

siluam V 3, 11.,71 10, 11. 24, 1. 29,
16. 31, 6. 811115, Π19, 16. VI 30,11‚

1. singularem (f.) VH 57, 6. 77, 1,
sin lari (abl f.) V 25, 4. singulari
(ab ,11) 7 2, a, singulares (acam.)

361173, 11. singulae (11. pl. f.) 111
141, 7Π 23, 6. singularum 71136,
1, singulis (d. m.) 1134, 164310.) 1
52,1. VII 45, 16. singulos 1 , 16.

111111(11.111.ἑ752,1.7130,11.3411. 52, 1. Π 20 11. 7611. 22,11. 71
35, 11, 7116 ,11.111111111111139,11.Π1 22, 4. 71147, 11, singulas H 17, 1.
2811713011. 111111111211. Π ΠΙ 15 1. 6. VH 11, 11. 60, 6. sin·

18,1. 19,1.11. 1ο. ΙΠ 28, 111. 29,
1. 1. ΙΠΙ 18, 16. 38, 6. V 9, 11.15,1.

gula(666)11111,6. 111111. 11,
11. singu 11 (abl. m.) 751, 6. VI

 

