267

33, 9. 35, 1. e. 11. 36, 1. 37, a. 11. 40, 26, 9. ΠΙ 19. 9. 1111311. 7131,
1143, 9. 44, 18· 471. 531. 54,1. 7137,1.71148,11.

9. 11. 19. 55,1.57.1.58,1. 11. 711, custodiam Π 2911, custodias 11114,
112,11.3,1,7,1.8,1.12,1.1.13, 1171127, 4. 55,19. custodiis 7581.
4. 14,1.15,1, 16, 19. 17,1, 18,1, 19, muodo custodiendos VI 4, 9.

1. 22, 11, 19. 23, a. 24. 1. 25, 9. 27, 9. 1111511716 9. custodes (acc.)120.
11. 29, 11, 30,1. 31,1. 11. 32, 1141, ac. 1113111151111111111.
5·4417.ἮῙ 5, &65 l. 4171 6. 8, 74191 78) 10.

11. 11, 1, a. 12, u e. 11. 16,1, 17,14, 18, ·

1,19,11, 20, 1. 22, s. 23, 10. 241. a. 25, d. (= diem) 1 6, 11.

1. 26, 1. 28, 1. 32 1. 13111. 11. 35, 1. Dacorum VI 25,1.

11, 37, 11381, 40, 1, 41, 144147, damnatum (m.) 1 4, 9. damnatus 7
11.48,1.49,1.50,1.11.51,1, 526. 55,1.
53,1.1.55,1,56,1.57,1.61,1. 62, damus (1157.) 71 44, 1.

9. 19. 11. 66,1, 76, 11. 78, 1, 80, 9. 19. Danuuii VI 25, 5.

821183, 11111371, 11111112111111.1211411,
cunctatio HI 18, 11. cunctatione HI 15, a. 18117511). 19, 11. 11. 19. 21,
2411. 1. 1. 27,1. 3111111111. 341. 35,
cunnos cunctantibus gam) 1111 25, 9 40, 11 (bie). 99. 11. ee. 11. 11. 41, 1. 1.
9, cunctandum ΙΠ 3,11. 11.42,1.44,1.11.47,1.53,11.11,Π

cum 11111, (ῃ, 3, fl) vn 10, ³, 2, 1.,3, 1. 4, 9. 5, 11. 6,11.7,1.1. 10,
ξῦωᾶῑ 44³³) vu 11, 11. cuneus (111. 1521151Ιῶ. 2239a 15417191, 1,,311,
cuneatim 711281, 9,1.13,11.17,11.19,1(51“1). 281.

cuneo ((1717) VI 40, 8. 1111 4, 19. 5, 1. 5. 9. 811. ll, 14. 13,

... a . .. 1111111111111

ΞΞἫῙ ζῗῗὶἕῦξῗῆ ἐξ 32⁹ ¹³· mmm 11. 4, ι. 6, 1. 9, 1. 13, 10. 11. 22, a. 11.

cupiditas 1 41, a. VH 80, 11 cupidita· 84: 311273391711. 47, 2⁵1{‚²'.²13‘‚⁵’1il

um 711521. 111135511191. 4111. 4111. 41, 1. 19, 11. 51, 1.
ῨῙῙ 5⁰⁷ ¹⁶· , 52,11.53,1.11.11.11.11. 54,11. 57,
5111111111 1117111113· eu· 1. 11 1, 1. 11, 19. 11111111,
u1d1 1 2, ,assuescam (117135, 11. 11,1.11,1.11.11(11.1111,1.11
14· ‘caucasus (aee. m.) 711411. 1111051111111 ’1.15, a. 1, a.
⁰¹¹P¹d¹¹3⁸.(a.d¹⁴·) Ῑ 15, ⁶· V15, 4· 44, ,13119111 1. 4. VH 1,
¹¹·⁰upld¹⁵⁸¹m⁰ 149⁶. 11111114,11.5,1.11.9,1.11.11.
‘¹21'{ittei⁸u⁷u⁶¹¹d⁰¹tib212 9171111·13117117
25, 19? cuperent HI 21, a, pe (511) 56,1131)31.’11.’11.3’8,’11. 39,
1111401111. 44, 99. 1111 16, 14. VH 1431111111. 45,1.*1.47,11.11.
37, 19. 48,1. 5211. 531. 55, c. 19. 58, 1. 59,
11111(17.)132,1,40,11, cura VH 1.601.66,11. 71,1. 72,1.77,1.1.
651.. . . 11. 80,1.81,1. 1.85,1.88,1.11.89,1.
011111111111Π 34,1,1117,11, Gune- 31511111171711. (1151111441,
sclites (acc.) HI 11, 9. 110111111- 45, 11., 7 27 a. VH 19, 19. 61111,
uus. 1111111 11 11, 11. 11111111 39, ,1,
euro curatI 13, 1. VH 31, 9. curet debuerint Ι 11,1. debuisse VI 42,
11111,10, 11111117Π28,11,37, 9.VH 20,11, deberi VI 33, 11,
19. curarent V 1, 4. curaueruut VH decedunt VI 13, 11. decedet 144, 99.
5511. 1111111111ΠΠ29,1.723,1, (11115111131,11. decederet V 43,
58, 9. VH 35,1. curasset 119,1, 11, decessit VI 111,
curreretur VH 24, 19. decem 141. 8, 4. 29,11. Π4, 11. 11ΠΠ
currus (acc.) 1111 33, e. 19. 18, 1.19,14. 79, 9. VH 37, 19. 64, 19.
1111111148, 11. HH 26, 19. 28, 9. 7 75,11.
5,1. 8,1.11. cursu (157.) H 23,1, decernunt VI 19, 11, 7Π 43, 9, dc-

 

