M

1,,,,482585,261,. 70,5, 71,.,1188
9 118913271511696 4111351134a
9130 2 9Π32, 14. 77 2
222111 (44.) 11 29, 2. 1Π5,2. 141141,
169415 49129112 magno
(17,.21119,12,ΙΠ1414ΠΠ7,20
5,2,55,929,59Π41,1,5, magno
(17.21.,11255 magnum (2221211
4,.2.,,,1811391512. 542 Π10,
4,17,2.ΙΠ1911.11Π3,.,2222.
923,251,12911459Π38,2.1
45,,,.255190,,52211122112,2.
16,1.13’1,.1233,21236,2,,.382
42,.4H4,4.,.,.,.1111114204235
12,12,11119,,11,621 97,,,214
27,2,325.38,.254,.258,1. 91
12, 2, 28, 2. 34, 4. VH10, 1. '5544
magnum (acc. 4.) Π 17, 4. 9 10 2.
211211, 44, 4. magno (111211
2, 12, 32, 2. 34, 8. 11 6, 2 11, 1. Π1
8,1, 11, 5, 12, 8. 19, 220, 5. ΙΠ115,
4.3,1,7 9,17 5“913,2.,.,.6272
,71143411311 30‚435,14.43,.4
9Π10,.1115,4.27,231,1248,.1
60,,,55 63,1566,,2 223115 116,12.
18,,,2230, 38,11,,44,4 Π32,2.
Π11,,12 23, 25. 11Π1,2. 22,2.

29Π56,5 2215111111 (m) 9251.
91445 (f.) 1111 20, 15, maiora
(1222114915, 2215115112 (251211
113,15.14,2ο. Π18,14. 111121,
1312. 9Π1, 41. (119495. 91
IOEmffiffim(Mffl4ffl
29,.236,2245,12.111211222943,
15, 22112252 2 f.)11127,1.1111
12 92412.,91231,29,,11111211·
11122(21.21.,1Ι382, 9Π13, 4. 59,
11 2211222 (51911 55,.5 221121
(4 2119Π22, 14. maximum (2211
3,2, 7,,19Π8,,15 2211222141,
10.11111,.,.143191,,17121,5
9Π59, 14. 83, 4. maximo (257. m.) V
43,1, 4. 9135, 9. 221125Π12,1.9
48,15, 2211229102 37,5, 43,
5 maximo (25122.) l 23,4. 2211-
252ΠΠ29,2221122213,.11Π
28,2 939,5 2211212257. 2211
75 54 5. 931, 15. VII9,4 221125
13, 11,10,528, 4 40,11. [42,12].Π
4,12.1Π6,12.’,.’,.911152ΠΠ2,
22312252 9131214522,
2.28,2,,451149,12.59,.,115412.91
1414,,171,,2512,,422 9Π30,1.
1117224375ὃῶ 85, 22. maxume
2.

25, 12 34 11.,99 12 265 35, 14 2212212129Π17, 14.
37,1139,,,45255,.258,2,9121, 2212125211Π151

123424 111Π6,1,7,226,2.36,111212Ι40,,22

14. 40,1. 65,2. 741, 77, 55 magno maleficio (abl.) 17, 1212 9, 1211

(α57.12.1110,1.44,.2247,.,2Π12

28,2

2,,2312.1111,529,,5Π1124,5,Μ2111112Π120,2
28,5,911,5,16,,5 19, 2. 919, malo malle ΙΠ 20, 4 22112115Π1

5,9Π14,11,,162,81,,,1831,

8,1.5

2252221257198, 14. 9112, 4, 1112152Π114, 12.2211291122,12
9Π22,257,,5 2251551145 9221111211Π11,1 ΠΠ21,2, 911ομ2

l,4mmssfflnfflss47
3,4. 18,,153,11. 2252252219
5815. 222112155721 11112, 14.
(111Π2012917112529 1ο
9Π4,,,,1117235,,4 (12111112,
Ἦῶ222222224
1Π1,,,,,,5182261916,11.,.402
4524822551291314 911

VII 71, 5, mandant 9Π67,14. 2211-
1121291142 2211125221 Π 245
9Π 17, 44. mandarent 9 1812
22112211147, 15, mandarunt 1' 12,

15, 441444111'41104134 15. 2211-
(1212((2.22.,11371 m443444(acc acc.)

ΠΠ2 5 22115212 5257121135 ·

2.,.43,21,11529Π 14,,,7111

35, 12 56, 5, maior (f.) 1 31, 55 46, 1122111511 9Π 78, 4. Mandubiorum

14. 11Π17, 40. 932, 4. 91221, 911

9Π 68, 4 Μ22125112(α57 41141, 14.
2212511212

3, 4. 221112 (2222114415 maiori Mandubrssciusv 20,2,
(3 f.) 111 3, 14. maiorem (22.1 1111 (419 22, 14. 91112522122 920,

925 ,,9111,,,9Π4312 (519Π 44
3514215, 221212(12.,)91755 22112ΠΠ13,11,910,1,,,911182

9116615 (11111915 9521 2212215931, 4. 9Π414, 10,.12 22-
9Π21,1,(2.,19143119Π455 121219422211212953,1222-
51925215 44⁵4 5522212122

 

