711 14, 33, grauibus (351, ιι.) 1125,
571383, 78, 16. 9133131(353.)7
45, 5, 9131113113 (9.1.) HI 16, 6
grauiorem (1.) 132,5, grauiore (f 4
VI 445 ,ιι( 6.,)148 55, 91331311 (361
444111'1561. grauioribus (36131.)
71 16,3,91331331111337 43,14.
grauissime (f.) VI 13,16 7Π2 3
grauissimum (ιι. ιι.) 7117, 55, 913313-
simum (acc. ιι.) 1 31, 55,

s 913311311611,1111161374 16.

W

( )126 13,,42 61. 44 34716 3.
66, 55 1133113113, 1371133.
53,1,,93 habentur V 14, 16. VI 13,
55, habeantur 114, 64. habendi (9.
ιι.) ΠΠ143, hab⁷endem 4411, 16.
20, 15 5353313371177,13, habe·
53131 Ι 21, 551ΠΙ 21, 13, heberen-
41141161611441446441444 53-
5113 (35153.) 129, 11535113 132, ⁴
13,,,344157 27,,,.,,333015213
7Π 53, 1 535113 (351. ιι.) IIII 19, 3

6,,5 grauius 1 14313, 16, 5526, 53331311337Π l9,.6
531111455, 16,5. 7414363 533113(361)7Π73,53,
7Π 43, 11. 67, 3, 91331333331Π131, Harudes (ιι.) Ι 37,3, Harudum Ι 31,

3. V 36, 4. 5431.

grauitatem ΠΠ3, 11. V16, 6.

93333 9133313131 Ι 35, 3.

‘Grudics V 29, 6.

93ὲ131113131335ι ιι.) V 16,5.
4.

9311313 V 12, 16.

5353111614 V3,.6 71111313
311533232437Π432313
59, 55, 85 13, 5353113 718, 13. 711
20, 33, 5353111 1.Π18,.33 714,
6V1,1364. 414, 3,],1653 17,

193320321313231371
23, 16. 27,4. 535331 118, 66. 4433.
mffi,6W66666,6.6-
53351113, 13, ΠΠ3, 533, 5, 71335,
7Π42, 5, 71, 3 5353131313, 9, 6'16,

(4⁶04111

64. Harudes (333.) Ι 51, 3.

533117 5415.
Η31331133 (3613.) 7Η9, 15.
Η31ιιι133 [ciuitas 1131331131 12,13.]

3131151113 Η31ι131133112,13,3913111
11311131’1133112,5, Η31ι13111(91,)1
11,32,.,.53134,13.,517,,,.5811
9,.,..,1111113123,13,,,5,31415,
1652213235243251337
1281330531454653Η3133
1131331633 13,1.4.11. 15,.6
371328111913301340
33111116,3,7Ι25,5.1131’131·1113(3.)
Ι4,5,9,5,10,1,16,13.7Π75,13
63133113312, 5, 3659131112,
1331453173185519526
13 23,4 1131331113 (361.) 11, 532,
117,13.,8413,,,,,51853235,

3, 55 16. 36, 16. 33, 6. 44 3. 33. 35 Π Η31311 VH 655 HeluiosVII7,1c. 8,
43331Π913.33,132513, 1111 56455 11311113(361.)7Π6,4,
1, 5 V6‚.6 26, 55, 27, 33, *29,13, Hercyniae (9.) 71 25, 5 Hercyniam

711311,5.,.,174233.,.444711

71244.

1,.413,6. 26, 4. ιο. 29, 13 71, 3. 74, 5313111313 71 13 16.
. 4. 75,3 5353531143, 8,.1 15,4 51531113 (ιι) 746, 5 hibernorum 111

6.ffimnffi6ssm.1ffi,6ffl,
sfflfflassssfflsmvffieffl
3.7Μ,3Μ73537ΠΠ35
5Μ55ΜΜΗΜΗἫ1.
Μ3Π13Μ2363636,
5ΜΗΜ3Β37Η3ΩΗ4Μ
3,53,15, 7118313, 5353131110,
&Mfflmssffl6ffl6ffla
mmvfflmfflffloeaew

9, 4, 711 29, 5, haberemus VII 77,

6,13,1.4431'‚ 10. 51531313 (474
54, 3 727, 16. hiberna (333.) Ι 54
3,ΠΙ6,.1111Π38,,,,.137241331
35,]3,26,54.,3713,,,39441,355,
4235313 71357Π9045ι
bernis (311)Ι10, 53, (111, 1] ΠΙ
29,.137],.,323,24,4.[25,1.,3(27
35.3.,...,.1283111429336,5,’,4,1ιι
4613 47313 53 ,11337144
37Π1,13,,165,

53 5353131111 7,11. 30, 16. 35, 13, hibernacula (666411 353
ΠΙ 12,3.1ΗΙ 15115, 13291423, Η15311113 (3) V 13,(3.
13 384, 716, 16. V137,6 535311 51353, 3, 33,)11213 393 43,,,549

16,MM46,6.6666
habuerunt 711 17, 5535111333 144,
37131, 53, habuerat 13, 16. 757,
5, 711643 67, 15 53533131111ΠΙ
45 habuissent Ι 44, 53, habiturum

3Π11,.,,’,’13ΠΠ121474313.44Ξ
5.13,,45,57138,4,71177,5,5333
(66.4411‚.6410,.,.141811117,6
22,,,,3ΙΙΠ74[7].’,.33573,,148,
13,,,711113131,3.,.,7Π81110

 

