327

16, a. 36,8, 44, 5, 45, 10. 65, to 80, 19,1. V 3, 18 6, na. 32, 1. V110,11.
14. poterant Ι 9, a 51. 25, 8. 39 15. 2Π 82, 8.

111, 1. 11 1, 14. 8, 14. 10, 10. 11, ,, posterum (0.) 111 11,, 111410.
29,10. ΙΠ 13, 11. ΙΙΠ 24, 5, 26, 5, (000.0.)2Π11,10. 0086010 (06110.)
23,10.19,11. 35 e. VI 12,88, 2Π 115,1. ΙΠ 6,18. ΙΠ111,18.38.1.
81, s. 0050110115, 18, ,5, v 11, 1. 811. 10, 5, 10. 5. ,11, 12,
20,5, 32,0, 35, 16. 3710. 3221 40, 53,1. VI 7,18, 2Π,18,5, 26, s, 27,
11· 6161181,ῗοῗέ 61ῗὲ etl: 1611. 31311133166611
11111,ι5,14,11,26,0,19,5,.1111 postquam 1211215. Π 5, 0. ΙΠ
23, 8. 28, 1. 0. 31, 10. 35, 0. 2 †3, 18. 15, e. VI 9, 1. 29, 1. VII 58, s. 87, 1.
7, 0 1. 11, 1. 2110. 31, 0. 44, se. 46, postremo (0070.) 2 28, 11. 29, 18. VII
84110. 4115. 5115515, 21 1, 80. 87, s.

1, 10. 4, 8. 29, 18, 31, 18. 36, 11. VH postridie 1 23, 1. 48, 8. 51, 1. H 12, 1.
6, a 9,14. 20,80. 24, 11. 315, 618. 33,1s.111113,10.V10,1.

36, 80. 39, ra 52, 5. 66, 5, *811 008611101οΠ10. postulandi Ι 43,18.
89, 0. ponent 12, 58, 3, 55, 6, s, 5, 0100011510.11211,33,1,111
8,1a. *9,s. 11,, 13 50111126, 15. postularet Ι 35,1,ΠΠ 16,10.
8. 2110. 36, 15, II 4, s, 5, 51, 8, 15, postularent Ι 310, 111116,11. 23,
11. 9,10. 17,1a. 25, 10. 28, n. 31, 5. 11. 14. postnlanit Ι 4110411111. 008-
111 3, 0, 13, n. 14, 55, 15, 3, 21, 4, tnlasset Ι 42, 8, postulassent 1111 6,
261. 29, 10. ΠΠ 4,11. 13,15. 14, a. 5. postulatum 8110.) Ι 31, nn, postn-
1918. 2118. 29,11. 211311. 1060010011 ,1, 0086010618 (aot.
10,8.16,8.18,11.33,11. V11,1s, 0.)140,5,415,111111,,1,

2, 4. 3, a. 33, 18. 37, 0. 2Π 19, 11. potestpotentesVII 7118, potentiorem
20,1e. aa. 35, 11. 36, aa. 47, 0, 5155, (m.) 21110, potentiores (010.) VI
56, 18. 72, 0. 73,1. 11. 74, 5, 75, e. 5, 22,0,0060116101111112113,5, potentio-
81, 5, potnit I 26, 8. 37, 11. 1112, ribus 1010111155, potentissi-
1, ΙΠ an 1111 11112110. V mum 10111158, potentissimo (11.
42, 1, 55, 5, 21311. 2Π 74,1, po· 10.) Ι 18,15, 001816100111108 Ι 3,11.
tnernnt 1111 14, 10. 26, 11, 151, 35, potentissimis (051. m.) VI 2110,

0. 836, 8. 2181041111. VH 13, potentatu Ι 3111.

e. 55, 11, 6110. potnerit 117 10. 00600610(0.)118,10, potentiae (p.)1
31, 88. 2 27, 15. potuerint Ι 40, 18. 11114. VH 41. 32, 11. 39, 1. polon-
Π 3, 1³. 111111. VH 20,15, 00611- nam 2115,8, 00180001111.
1088 137, 5, 39, 5, V 5, 8. 27, οο, potestas Ι 48, s. Π 6, 0, potestatisIlII
VI 411. 2Π 210. potuerant *Ι 16,11. potestati 11 311. potesta-
47, 0. Π 7, 1, *1111211 11, 2Π83, 5, tem116,11, 40, 80, 50, n. 113,1.
potuisset 2Π41,0, 52,11, potuissent 13, 8, 34, 5, ΙΠ 17, le. 1111 11, 5, 15,
Ι26,18.31,81. Π9, 18, ΠΠ3, 11. 10.38,1.251, 1.7Ι19, 0. 23, 1, 2Π
2Π 52, 5. 88, 11. 13, 11. 32, 0. 33, 18. potestate Ι 32,
post15, 1. 47,1. Π5,15. 9,8.14,1, 14. 23, 81. 41, n. V114, 10. 36, 18.
19, e· 21111. 1115,1a.10,a. ΠΠ VH 4, ns. 43, a.

5111'45’2 16, 0. 30, 8, 217, 0, 55, 0001οἱ 21 435 VII 1114οὲ 58, 0, 0101
14ζ111115181ζῗ33161111110611 1121111311 8Ι8 1115241711 0661811611 ,
11, 2. 15, ,1 no, 5. 10, 11. e. 10. 81, 015. poen sunt 118, 13· pontus
11. 72, 11. 8115. 87, s. postponere Π 26,0. 2Π tero. potrtos Π 24,
V13,10. postpositione, 11. pos 10. potiundi (0. o.) 11 7, 5. potiun-
tergum 1111 15,1. 211. 2Π62, 10. 1101001(0)ΙΠ6,1.

811. 88,1, potrus I 45, 4. 1110‚14. VI 311080.
postea 121, 11. 22, 0. 28, 15. 40, 10. v1137,12,78,1.
Π17,4.30,032,10. ΠΠ 30, 0, 2 01801130,0,2Π 44, 4.

8, 11. 23, 0. 2123, 11. 310. preeaonta VII 22, 11. praeaonti (01.)
posteaquam 131,1e. 46, 0 0006000010 2Π 73,1e. praeeontae (11. s.) 11114,
qnam ΠΠ 37, 11. postea qnam 1111 11. praesentas Π 29, 0. praeacuta

 

