381

mor91, 11. 31, 19. Nemetocennae 49, 99 Nemetocennam
moratui34,14. *morandum 99. mo· 52,1

1511511142, a. 1151515111128, 555511 1511151122535, 15. 365

moratus 429. 11511115(5 555146, 15 155515 5ο55155)1,5.11,5 1215
15, 151511155151345 19,5.22,,,1255,;426 4051111155).
mortifero (57175123, 15, 44,5,54,5, (55155152, 15,((115211.
11511115(51.,,)225 (31245 (13551, (11)1214,(1)
motus (9999 47,5 14, 11. (13155 18, 11. (1) 1919.
multitudo7,.919.14,919,999,19 (32111. (1,,’1441

41,1, 99 ’51,5,1111111111158,15.155351511915,
152115.1111111161115117,14.9,5.11555(551511)39,5
· 13, o. 26,1 13111511151Μ5615. nihil 55551, 19. 28,. 15. 49, 5 51,5,
18,15, nimirum 55551.. 99
multum 95, 5 3251111115 5919 1151 11,1, 25,( 27,5

1111151111(5.) 44, 15 1111155415 111515111110,15.

mult297( (999.) 5. ),21 5.26 multis (557 1ο11111511511,46,,5

11. 155 u 4,9,

1111111115551554153115415151115 155111115((.15511),3411,

abl5l 1. nollat 5,.9
muniri9, 5. 155. muniebatur 14, 99 nomen (999.,97 19 nomine4, 4. 949
111111511116, 19. munitum(m.918, 1ο115551..1....451115. 1, 19. 2, 4,9
9't9bcioem'iii1i5929'933,inauririinibblgoibt) 118561417551601111 1431172011.
5)11,5.1111111551’115(511..)15 11 23, 9. 19. 19. 25, 5. 399. 31,,5 335.
1111111511510,1. munitione 10, 1. 37, 34,(1. 19 35,9. 36,5.,539,41,1ο.15.
9, munitionum 2615111111115155 19. 4,3 11, 46, 19. 48, 1151505, 52,
1555), 34, 14 munitionibus (9949 14. 599.
19 nondum 8,.9 9919.
(555555 (1115115125. 1511111155.) 13, 11. nonnullos 24,5,
1111111415 111115(551,)43,5. nonnumquam 10,5. 34, 19.
mutationem 52,5, 151 551,15 nostri aes, 4. nobie
muto mutandis (abi. 5) 44, 19 (,)55551, 99 1οε1)555.)55551., 94.
1111151155151215. 151111((55.1)55551., 15. nostri
(555)2811.42,15,155111(ᾳ.5.)
15113,.,.,.11511191523,5,,,315 9,,51(1’11.)5,11.1,,,21518515
47,1.,521153,.154,5 1'9,19.,.27119'8‚.,.1929o35,19.41
15111511134115131 12,5 [15,11].11472,5ῃ1811,ῃ1ω11,,15,1151111515όὲ
55555555 15511285. 5123153411. ,.19 1555111551.
Narbonem 4919. 991'914.1’9.19.10991941019,
n999i48„99 1555151165,5,,165.,.19518,548,11.1οε1115’
1151115155 naturae (544) 5 (551, 55119, 11,,1440 11.
naturam 27, 19 3815 15111511 1555151127,15,1ο1111 (999. 5.) 39,
5.15,132,5. 51515 (5. 5) 55551, 55. 1511515)
ῃθ8415ᾅ14345,215251134 49, ,1,’,157223 1552151455551,14,
9299· 99 919 31135 ’555555 55555
51Ξη111-55111511 praef, 51 33, 5555155111 35, 5. noete 93, 1. 28, 1.
⁶ 19 (251101325111131147551551 111111(17.,,1)495
1915115131, (a‚919.,514. 1111111(551.)55551.,,,.524551111511
7,.532,1.,3514,41,15. 6,(5,18,,5245.26,.,.-11405111
1555555351 5151155555510,11,1111(555 991’, 9. 6,1. 19, 11. 36,5.
neoeaaitotem 5‚.9 49,.4 necessitate 39, 9. nullo (5115.) 5,19 33, 5.
43, 19. 1551515511555 .),535 11'41919,99191119999499.

 

