321

1121221Π11,12. 1. 21, 12. 26, 2. 322. 64, 2. 3512.
12121111128,1, 1212211361, 11 31, 2, 43, 22. 45, 2. 55,2. 56, 1. 11
9, 12, 1121112121 40, 12. parcendo 5, 1. 21, 12. 34, 2. 37 2, 1Π 5, 212.
11 11, 10. parcerent 11 1211, peu 12, 2. 22, a. 22, 2123112, 2211 22,
1121221111 1Π 28,11. 11. 36, 121245, 21. 46, 12. 60, 2 59,
112121121 (11.) V 1421222.) VH 6621. 11. 61, 2, s. 6412. 61, 1. 68, 2, 80,
1121216512(251.)1114,1. 11. 81, 12. 85, 2. 1121122 (21.) 11181,
11212112 12121121211 VH 17, 22. 11. 12112(222.)11,1.12,1.15,1.
1122221212111113,22 1Π63,12. 112· 34,1. H 24,12Π11,11.111110,2.
12211 111. 11126211121212- 19, 2. 33, 2. 34, 12. V 41, 12. 49, 12.
11211111 1 21,2, 112112111111111 12. 53, 11, 11 11,12. 33, 2. 43, 2. 12. 1Π
210-1222 4021111111· 12· 2, 121 212 .. 1-
851105151 12, ..1 111111112161 4, 11. 21ζῖ 4211. (3421111 (13111,
1122214121 1Π 11, 11. parant HH 21. 13Πεῖ 3152531142, 1555 3253118111,ιᾶ
1Π81,1.1121212 Π19,12. 23213, 11, 4. 35, 1. 37, 2. 39, 12. 1Π15,2
1242, 12. 55, 2. 56, 2. 1Ι22, 2. 1Π 11. 19, 2. 21, 2. 41, 11. 211 69, 2. 5.
119161, 11. 1121211211 11 7, 2. 112- 80, 11. 22.
12121211Π 84, 2. 12121212111Π11211111 1112123322. 16, 1211,
86, s. parari VI 2, 2. parandum 11221121 partiendum (222. m.) H110, 9,
IHI 22,1.11212121111131,22.1121211 11211112 (abl. m.) 11331. partiti
21211 H 2, 2. 212111 H 21,2. 112- 111111Π 5512. 2111112 (2211.)
121111 (21.)Ι 11,. 1212121251. VI 6,1. (11.) 1Π2 , 12.
m.) 1111211, 1121211(111.)1Π19, parum ΠΙ 1 , 12. VH 66, 12.
1111122131112212121311.. 2222022
(222.)1ΙΠ6,2,1)212112121’(2.111.21.) 21} 2. (11.)150,1. ⁹
15,1. paratissimam Ι 41,1. 11212- 112222212112111135,2, 11211111(222.
1121112221. 111.)ΠΙ 141. 21. 1Π52, s, 1121121Π 61, 12, 112112
12111112. 121212221212111 ( 1211 18,2. 1121112(201.12.)1Ι
4, 2. 20, 2. 21, 1. HH 1, 22 4, 11. 10, 21,12.
21122 32,2.1.12.112,1.2.24, 12. passim ΠΠ14,12.
30, 2. 31, 2. 32, 5. 40, 2442. 45, 1. passuum Ι 2, 12. 8, 4. 1511. 21, 2, 22,
VI 12222, 1. 31, 22. 40,2. 21. 22. 12. 23, 1. 25, 11. 41, 11. 48, 1. 1. 53,
1Π 28, 2. 2. 12. 32, 12. 33, 2. 35, 12. 2. Π 6,2. 1, 2118, 11. 11, 12. 13,
58262113 1221511211821, 2.16,2. HH 3,1. 10,1. 11,1.12. 22,
artis 2.) 11, 12113110. 1121 12. 22, 12. 12, 10. 21. 11, 2, 12,
fd.)1112‚12.213,15. partem 11, 1.. 11. 12. 24, 22. 21, 22. 32, 2. 46, 2,
12. 20. 12, 2. 22 2. 13, 2. 26, 12. 128, 47, 2. 11. 49, 12. 53, 2. 22. VI 7, 212.
11. 31, 22. 40, 2. 43, 21. 49, 12. 50, 1. 65113612. 1Π3, 12. 16, 2. 38,
52, 2. Π 1, 1. 9, 2.. 20, 2. 21, 2. 1. 12. 1. 40, 12. 60,1, 66,1. 69, 1. 11. 10, 1.
23, 2. 24,1, 12. 1111, 12121215, 14,2,19,2, passus (222.) Ι 49, 2. 2.
2. ΠΠ1,12.3,2, 4,12.9,2. 17,12. II 18 1, ΠΙ 19, 2, VH 46, 2. 112221-
22. 12, 1. 2111221. 22, 2. 2211. 1111211121. 421. ,11 121.
11, 15. 7, 1. 11. 8, 10. 24 122312 1121262111Π 1, 2. 1212122112 (abl. 1.)
30, 1. 34, 1235, 2. 38, 2. 46, 2. 54, 2. Π32, 11. VH 8,2.
55,1. 58,1.1112,2.11.29,231,12. pateo patet VI 25, 2. 2911. patent
1111,2.10,2. 11,1.34,2.12.35,1. 1123, 22. 12212111121121,
44, 246, 148, 1. 55, 1. 2 60,12,80, 2121111111 abl. 11.) I 10, 2. 112121-
1. 8121512). 11211212221216, fioribus( ,11) 1Π 28, 1. 11212121
1131, 1238, 12 1151282. 121. Π8,2.1Π69,2, 1121111122,
22, 2 2. 23, 2 2. 11. 29, 2 32 10.OE Π1,11. pateret VH 72, 2. 11211-
1, 2. 2, 2. 6, 1. 161 20, 2. 22, 1. 2. 21211 VH 8, 2.
2111212 ΠΠ3,110,1.11,11.11.112121131212.411112021119,
20, 1. 22, 2. 32, 21 9, 12. 13, 2. 14, 1. 1Π 4, 2. 31,12. 1121112 VI 18, 2.
212121211121112111. 21

 

