278

enclanerunt HI 28, 19. VH 27, 9. Π1110,1.22,9. V 40. 9. 44, 12. VI
ex (ante casalem) 14, 5. 6, 5. 9, 5. 15, 1. 7, 19. 8, 9. 9, 1. 37, 19. 7Π 3819. 45,
9. 16, 15. 20, 9. 25, 14. 26, 19. 30, 5. 9. 15. 46,19. (5) ΙΙΠ 25, 1119. 26, 9.
31, 99. 82, 9. 5. 38, 19. 39, s. 41, 19, 9.37,1.711,9.26,11.32, 1. 71155,
42, 9. 43, 9. 48, 9. 19. 50, 19. 53. 9. Π 19 68, 9. 83, 15. (p) I 2, 9. 9. 19. 8,

= 4, 15. 6, a. 8, 9. 9, 9, 12, 1. 13, 9. 9- 9. 16, 19, 39, 9. Π8, r. 29, 6. ΠΙ4,
15, 5. 25, 10. 26, 11. 27, 5. 999. 530, 19. 9, 9. 11, 11. 14, 5. 22, 9. IIII 3, 1.
1. 33, 1. 9. 111 2, 5. 4, 9, 9, 99, 12, 5. 12, 15. 25, 15. 33, 57 2, 9, 13, 9. 21,
14, 19. 15,19. 21, 5. 26,15. 28, 11. ΠΠ 10. 19. 26, 9. 28, 1137, 1546, 19. 56,
2, 9. 12, 11. 18, 9. 22,15. 24, 9. 30, 11. 17111, 9. 23, 19. 34, 9. 7Π 5, 197,
31,9 (cis). 4. 82, 19, 33,1.1. 35, 5. 5. 25, 11. 15. 289 32, 5. 44, 5, 355,
36973,19.6,19.10,9.13,19.14, 99]. 59, 11. 64, 19. 65, 1c. 59, 5. 7·,1,
19. 16, 9. 17, 5. 11. 15, 5. 21, 4. 23, 9. 81, 19. 85, 1. 87, 59. (q)1 4019.
31, 19. 32, 5. 35, a. 43, 9. 19. 99. 48, 9. III 17, 1. ΠΠ1,9.10,19. 720, 9.
50, 9. 51, 9. 19. 56, 9, 715,1.10,9. 24, 5. 37, 19. 71 25, 11. 36, 15. VII
20, 9. 32, 19. 34, 19. 37, 11. 3919. 40, 8319. (1) 1 20, 11. Π 4, 9. ΙΠ 13,
19. 43, 4. 7Π2, 9. 4, 9. 7, 19. 11,.1. 9, IIII 5, 9. 10, a. 32, 9. 11. 42, 9. 71
11.19.12,1.14,9.15,11.19,1. 21,5, 13, 99. 22, 11. 87, 9. 7Π 80,19. 89,
229269.27,9.28,19.19.1531,19. 9. (⁸1 Ι 18 1. 48, 5.Π 19, 10. 28, 9.
99, ,1,99, 1. 15. ,5, 99, 5. 19, 10. 45, 99, 15111 2515. 1111189, 9 9, 5,
9. 15. 47, 19. 19. 49, 9. 57, 9. 65, 9. 66, 9,11.19, 15, 5. 9. 19, 9. 71 9, 11. 19,
1. 59, 5. 73, r. 76, 19. 79. 5. 80 511. 9.30,15.31,9,42,9, VII12,14.'13,
81, 9. 19 83, 9. 841. 9. (86, 9. 88, 19. sa. 82, 9. (n Π12, 1. 27, 15. 111 20, 9.
(anic b) II 3,9,ΙΠ 9, 99.14,11.ΠΠ ΠΠ15,9.16,19. 18, 5. 34, 9. 723,
38,4.11.V12‚3.25,9.V118,15.(c) 55V138, 5. 7Π 73, 19. 86, 9. 88, 19.
113 1914, 19. 22, 5. 25, 1. 30, 15. 31, (9) Ι 4, 9113319. 111123, 19. 7 19,
99.50,9,52,9,Π8,19.16,9.17129, 4. 30, 1, 71 27, 9. 7Π82, 1. 88, 5.
9. 33, 5. ΠΙ 5, 19. 18, r. 15. 111115, 9. exagitati (pl. Π 29, 14. 1111 1, 5.
285. 30,1. 10. 31, 9. 32,1. 37, 5. 7 examinatis( 7. f.) 7 12, 9.

8,16. 9, 9. 11, 9, 12, 4. 23, 7- 25, 4 31, exanimauit 71 31, 11, exanimantur VI
1· 14. 40, 1³· 45, 4. 52, 11. 58, ὁ. VI 1, 16,19. 999919959971125, 10. cx·
5. 8, 25. 13, 19. 35,17. 19. 36, 8. 37, 17. ammgto (d m) VH 25, 13, (amm.)

99, 891899. 99, 5, ³.. 19 1999999917 194

1. 491. 51, 5. 53 1. 68ἐ 4. 74, 9. 75, 4· exarsit 7 4, 11.

3611? ὃ, 7Ι911ἓ,ξο11131,,3ἒ328,,3’1414,3ᾗ exaudiunt VI 39, 9. exaudiret V 30,

33,,1 35, 1,, 43, ,, (01112, 33, a exaudiri VII 61,9 exaudito (957.

1111119, 9. ΠΙΙ 1, 9. 21, 5. 27, 17 ’04 IIll,1r. 7Π 47,1. 48, a.

33139033533983Ξ3393333 353ἐ,3’,,,3,3ζ9,ἱ 9183903111 ΠΙΙ 33, 5. excedant 7

9. 72, 19. 88, 19. (g) Ι 31, 551ss 17, 36, 8. VH 78, s. excedere· Π 25,
9. 7 13, 9. 9. 71 5, s, 32 ,, (Ἦ 46, s. VII 33, 5. 66, 5. 9199699111Π4,
⁵· V 1 ¹02 ¹5 9 ⁷- ³⁹2 2.. 51¹⁰0555 91999999
8353113393 18339320313329, 533131319Ιὲ 8, 953 VII 77193. excesserat IIII 12,
987, 11,V 1, ,3,14 ,17, ,1,99,,, 15. 7 35, a. excesserant 1111 14, 19.

15. 99. 28, a. 41, 11. 44, 5. 47, s. 19, 52, 14, 9.
5. 715. 9. 23, 15. 28, 5, s. 82, 15. VII excellit 71 13, 99.
1,19.10, 5, 1199, 391. 9. 75, 19, 83, 9. excelsius (a. 99.) 71 26, 9.

(1) 11 23,1. 19. 26, 15. 35, s. HI 4, 5. excogitans VH 47, 99,

5, 19, 15, 9. 25, 9. ΠΠ 10, 5. 23, 5. cxci cre VH 50, 11,

26, 5. 27, 19. 3819. 7 9, 9. 11, 5. 71 excipit VH 88, 5. excipiant VI 35,19.
25, 15. 35. 19. 37, 15. 71117 11. 19, 7Π 3, 9 exciperent 111 5, 19. 13,
9. 20, 19. 32, 9. (m)I 18,19. 80, 5. 42, 9.Π1117,91.716,19. excepitVII
19. 11 13, 19. 30, 9, ΠΙ 2, 112611. 28,15, exceperunt Ι 52, 9. 71151,

 

