 

303

13, n.14.1o. 1111111111.) H 5,11. 1. 11. ΠΙ 1, s. 2,1. 6, 11. 72411.
ΙΠ 29, 1, HH 25, 4. 1111111261. 29, 11381. 39,1. 46, 41. 47,1,11.
Π 8, 11. 23,11, 25 11. 29,1, ΠΠ 26, 52,1. 71 32, 11 35, a VH 42, 1, 45,
1. V 35, 4. VH 24, 1o. 25, 11. 49,1. 11.50,1ο. 6214 legione 18,1. 40,
50,1. 57, 11. 82, o. 111111(111,)7Ι 41. H 34,1. ΠΙ 1, n. 7, 1, ΙΙΠ 32, 1.
8 11. lateribus (161.)Π 8, 14. VH 11. 725, s. 44, 1. 46, 1. 47, 1. 52, 1.
11, s. 11,1. 11,1,11 1, 2. 111 41, u. legiensem.)
{lunantur (ilauarentur) HH 1, 11, 141,1. H 17, o. 19, o. 11. 231. 26,
nudanda (9- 8· fi) V ⁸, 1n. 111. 7Π1,11. 9,11. 24,11.51,1.
laus VI 23,1, 1111171241. 71176, legionum Ι 241. Π 26 1, HH 38,
18011. 1116111140, 14. ΠΠ3,1. 1173115118,1119112411.
19,]1.7121,1,28,1,40,11. laude 48,1.11.7Ι32,11.33,1.40,11.7Π
7 44. 11. 14. VH 19, 11. 35, 11. 47, 1. 70, 1, legionibus (1111
laxare H 25, 16 52,1. 71,1, 7Π 45,11.56,1. le·
legationis Ι 7,1, 13, 1. legationil giones (ooo.) 1111, 24,1. 49,11.
34, 4. legationem 111, ΙΠ8, 11, Π2,1,8, 11.17,1, 19,4. 2311, 24,
legationes (11175111. 7Π 63,1. 11. ΠΠ22,11.30,1.34,1.35,1.38,
(1111113111. ΙΠΙ6, 4. 753, 14. VH 1..711,117,4.1. 18,1.24,1.1ο.
4,14. legationibus (15117211. VI 25, 11. VI 3, u. 5,11. 7, 4. 39, 1. 44,
2,11. 7Π 43, o. 54, 11. 1. 7Π1,11.6,1.9,11.10,1.11,·11.
11 11111111. ΠΙ 20,1, 7 35,11. 11,17,11, 341. 36,11. 40,1. 531,
egati (g.) V 52, 11, legato (11.) lH 5914. 61, 11. 67, 1 70‚4. 11. 90, 1.
17, no. V 24,1. legatum 110,1, 12, legionibus (ubl.)1 10, 11. 12,-1. 21,
11.21,1.47,1.Π2,1. 5,11,11,11. 1.Π8, 11.11,11.20,11.22,1.35,1.
ΙΠ11,1.1.ΙΠΙ 22,1ο. 38,1. 737, IH 11, 1. 21, 4. HH 38,1. 7 2,11.
-11, 46,1, 7Π 11,1. 40,1. 49,1. 87, 5,1.8,1.1.11,1.1.16,1.17,1.21,
190, u. iegato (obl.) V 17,1. 71 6, 1.24,11.48,11,53,11. 71 1, 11, 3,
1. 7Π 51,1. 65,1. legati (pl.) Ι 8, 1145 11.33,1.35,1.11.7Π10,11.
114, 1.30,1. 37,1. 42 11. Π 6, 11. 27135,1.11.40,1.57,1.60,11. 68,
35,1.ΠΙ23,1. ΠΠ41. 11,1. 9,1. 1831991111. υ
11,1.12,4.18,1,21,1.22,1.11. 36, lognonuuns VI 34, 11, legionarii (pl.)
1. 38, 1. VH 12, 4. 32, o. 81, 14. 83, ’ 719,11, legionariorum Ι 51, 411-
1. 89, o. 90, 1. legatorum Π116,1, gionaffis (11. 11,1Π27, 1. legiona-
VH 5,1. legatis (11.) Ι 7, 11. 43, 11. 1111 Ι H, 11. 7Π 20,11. legionariis
HH 22 11112311. 71, e. 7Π 5, (abl. f.) HI 11,1.
11. 11. 46, 11. 1111111171. 9,1. 11, Lemanno (11111) Ι 2, 11. 8, 1. ΠΙ 1,1.
4.13,1. 27,1. 34,1. 35,1. 42, 1, 47, Lemouioes (11.) 7Π 75, 11. Lemouicum
· 1.52,1,Π3,1.11,1ο.12,11.15,14. VH 88, o. 61111111611(11.)7Π75,
20,11.28,1. 31,1. ΠΙ 9,1. 21, 11. [11]. 11. Lemouioes (ooo.) VH 4, 11,
23, 4. 28, 4. ΠΠ11,1.13,1.16,11. leni (obl. m.) HH 28, 4. 7 8, 1. leniter
27,1. 71,11.3,11, 6,1, 20,1,22, Π 8 11.29,1,7ΠἾ9,1.83,1.1111111
11. 111111. 11,1. 11,1. 41, 1. 11, u 11,1.
1. 71 1,1.4, 4. 1. 5, o. 6, 4. u. 9, 1ο. lemtnte 1 12,1,
32,1. 7Π 5,4. 43, 411. 55, 1ο, 11· 1111111111(1111.)ΠΠ10,1
gatis (obl.) 18,1, [47, 4]. IH 1, 11. leporem V 12, 11.
, 11. ΙΠΙ 13,1.27, 4. 11. 7 [25,11]. Lenaeos 7 39,1.
54, 11. 711 11, 4. 47, 1, 52, 1. 1111111401.
1811 1111111111 1111111111·,11111Ι
⁹ ¹ 1 · · o · ⁶ 1 · · 1 ·
le ionis Ι 42, 1111461 H 23,1, n.) 7Π36,1.39,11.53,1.1111111111.
,1.1. ΠΙ 1, 112, 1, HH 25, 11. 11172311, leuiore (f.) 7Π414,
V 9, 11.45,11.57,1. 714011. †lennter VH 19,1.
7Π47, 1. 11. 50, 11. 51, 4. 60,1. 62, leuitatem VH 43, 1111111111 H 1,11.
11. legioni 140, 41. HH 25, 11. 7 [7 3411]
’27,11.53, 11. 7Ι32,11.33,1ο, 11· 1111111111 V 27,11,
Ι,1111111114211434, H 21, 1, 26, lego Ι 31. V 56, 1. leges (n.) VH 33,

 

