354

5 25, 19. sustinerent II 11, 55, 21, 5
1111 11, 55 71129, 55805, 5555715155·
erunt 11Π4, 5. 3757130 55 5555-
5155551517 28, 55. 5555115651 1Π2
5513, 19. 728, 19. 7Π 76 55, 5555-
tinen49 (999. 71141, 55. 56, 55.
31411131175114811551510211,112111191111
175 ,7Π605775 sui(9.99.)I
121, 5. 43, 19. ΙΗ116, 54, 78, 55,
20571755. 711754. suae(d.)
113, 54, 11'31, 55, 727, 99. 7138,
4. 711 12, 5. 66, 14. suum (m.) I 19,
54. 20, 55. 274, 4055, 53, 19. 1112,
19. IIII 10, 9. 736, 9. 504, 505.
7Π 19, 55, 67, 4, 75, 99. 80, 5, suam
13, 15,,,,4418 19. 205. 27, 5540,
5505Μ505Μ5Π
10 55 1118, 55, Π113575 74
5520 5530556405 71104120
54055. 7Π45ο653555 71
9 suum(99999)149 394 30,
19. 475 7123, 54 7Π63, 19. 77,
55 8415.. suo('abl.m.),1319. 18,
55,1,.,,9425535,5, 36,.,.5475Ι1
13 55 ΙΠ17,.5 20 55 Π1110,.5
34,. 726, 19. 37,.950,9 ,71175

9.AEm5mffi ss,m Wfflsfflu
ffi4wlusswnffi9ffl
5205, 7114,.5512,55145 20,
5.,47 55 485 5555551175 18 55
22, 5, 24, 1. 30, 5, 44, 99. 48, 9. 5. 50,
5.1ψΜ 05Μ5851Π65
3,4.m4,nff99739w
7,9wfflnffl1fflmwffimffffi
u.ffl,u.mw.sshfi,ffl,
9.H3W444159ae4319m
12,5ο.16,5,28,5,1111 18, 5. 10, 5.
7 27, 11. 31, 5, 43, 19. 77 5, 55.10,
5315711185545645715
1311111218, 1151 1413014239, 161461 7
554,,255.,Π1054,,144.,.16528,
55 23 55,,1Π28 15.1111’3,.914‚·.1.
fflw9ffi11v4‚9ssffsffi971
Mfflffimfflsm4m99
ffl,9ffi,mffl4ffiuwfflw
19. 47, 5ο, 515 62, 94 65, 5, 75, 5
w9fflswffl1ffffl3w
fflffssss Wffinssffimvffi4.
ffl,m.&,9.wwfflmfflffiw
(9915, 55,,1116521, 54, 747,,55
fflaewws

101275875, 555513, 5505. Τ.-( -Tit·um)110,.4·21‚‚5
14, 19. 2055. 31, 5,.5555 34, 19. tabernaculo 7551.) 71305. 71146, 55

36,.‚193911.‚4319.‚..‚44919529

tabemacuhs (557.) Ι 39, 15.

1114 55, 104. 375 399111919991199949791991. 49991999197)

, 524 55 Π1112,5.55. 705 25,

1205

527, 55 55, 28, 5 3I,9 305 599999199011111191499

5710, 11 14³9, 7110551054,1555155511755. 99499199117,9
55.,20 11. 43, 55. 65,9.89,.4 suo 999191(997)132,9

abl. n.,)199. 18, 19. 33,9. 35, 9, 55115575. 55757Π 73, 99. talus (567)

,..,.55445550.,5757 VH

7105

37, 55 475. 75, 99. suorum7m.)1 15110467 55.) 7137, 19. 44, 5, 71120,

52 55 1141'419, ,105374 77

9.wwffiufflw,4

55, 7Π10,5 ,26,,1·,4531 19. 3054, 75555114 55705016 557045) 40544

43,.,54554405 775 ,,,,’805580
19. suarum159,511’47, 9.'}111131

5(55)ἶ5,5555, 555555,,,5555,’,
918,5[39,'.9]⁹449 911'399

5, 71122, 55, 77, 9. 805 suorum 1555555517, 1914, 551205 304. 32,

555 5 55 ’5 5 ’5555
30553715, 727,,,5374, 71113,
5Μ505355505
55.,6655. 805. 875. suls 47

11112,,’511Π16,4.’,,741571181
19. 5555514505 0, 19. 15, 19
165525526428531έ5532
11. 7165113151). 25, 54281132511111
255855555104245426

ΙΠΙ4558595155275530

55.,4055Η554446,5.Ι18,.’,’53255
III3,19.,.91910,9. 14,5.,55215,
225524528511Π355457
51155175205526528
5315355745575114
125415521552455285
339193493594194319 ·
4999959994

57Π4,58,,510,515417,55,
24,5..5420, .,533 .,3655(04’5).37
55435547550554557562
5,,’6355.,,,75,’,5576,5775.578,4

11. 30 19. 305 7014, 11. 19. 22, Iamesi's(9.)711, 55 Tamesim718,9.

 

