INDEX VERBORVM
IN LIBRO VIII. OCCVRRENTIVM.

881888.)(811188) 14,14. 11 15, 88, 44, aeriter 19, 88 508, 1811118108. 35,
8820,117.07)25(,ὂο)[300)100(711)177 811711870770079177.142338. 4, e 11.
36,⁷.‚.q,1.,.r(1119ar(i7191133,r. 5,..,11311(7)1’1).1.17,1.1...11188,
(1,.[14(1),.11ᾳ(1)18,,81.111911018114113114,
11111111.11111,’1111 1 111. r 1 181..
753161 151171017025171908707179480 129,44401266,61.216 34701335, 17711433, ,
(34888. (1,)318.,,1488 19,8.(1) 8.,1.137 883883911114111,
81811,83’(,,1)158(1)·41,88*,’118813844,11.4’1,8,48,.811.
absolutis (85711.) 15,1 aa. 41841, 84 14. 50, e 51, 4. 52,

abstinu1t44,e 1,1.8.1.5,3454,1..4’55,1.

ebdom abesse 20, 4, adaequaret 41, 88
abundare 40,,1 8558811 8, rs. 33, re. 855888511314.
88(811185)7,88, (111881, (j) 12,.1 8551188181 6,11 7, re. adduci 19,
(l) 11,8(18) 12, 88 (11)12,8, (194, 84. 52, 88 8558881158 (ace) 111.

1 17, 5. 29, 4, 40, 11. 48, 18. (1) 10, 8551187180 pl f.) 31, 11. ¹
11. 10, 1. 24, 14 (1) 27, r. 31, .(1)8, adeo adit 1,384 15118401885881151
8,,15 88438, 50,88,1511’18143,4851181814888,

1180851181 19, 18. 8888581898 88888- 1588(88711;))1188ΐ., 8424, 883884,
sisse 14,8. accessisset 36, 11. ae· adferebat 1881. attulit 43, 88 8111-
8811818111(888,11.)28,88,1111111810,8,8518188111119,88 15-

8887178 8881811131,1 ’ serebat t'w9115
aesideaeeidit 12, 81888, 33, 11 aeci· 8558181158 (857.) 49,8,855818115811139,
58183,8.8,88,10,88.8881585811018. 4. 8518811118(888.111)23,18.
88815818117,1.24,18. 8881511 (pent) adflictas 21, 8
praem 11 3,8, 15, 81 48, 18 decide· adgrederentur 12, 8 adgrediendos 14
1812111811 adgressus 48, 8, adgressi (pl.
8181118183, 84. 1188881148, 88 aree-9119
8818811911.885811811818,888511884188,

septe (1157111 18,.)208 aceept 5 33,,8 adiungit 2,1. adiungebat 481
accepta 888) 3814. administrari 37,8,
88888811 857. a) 98, 8, acerrumas 8518118118 praes 88. admirationepraef ‚
1815811788, 14, 88, 15, 84 29,8, 1187891150711118191
8,15,1.11.18188(17.87.)298 85888811811281.8581888581118153,8,

 

