394

6777761777777110, 77. uri (7791. 77161287
6717771777 6129, ιι. 67197677(7791)ΙΠΙ1,7,,.47 67197-
*671777 61247 Volcarum VH 64. 677777 1111167 Vsipetes (777) 61
14 9099 7371 911 9 7 77, 10 9411 717777 (777.) 1111 19, 7
77149519.) )6Π 15, 77. uolgus (940.)I usitatum estp VII 22,.7

19999150N451411115, 11. V54,
uolo quem 7717 HH 2, 77.77771617ΠΠ 76] 36,7, VH 17, 77 494 66, ιι,
25,,,.776307 7771777761Π18,ι7 70,.780’,577
6113,,7714,77. 6Π46,,77 uelit 67777779771140, 19. ΙΙ20,7, ΙΠ14,
1347.43,,,,771Π87718,7.,,267 7ο,,.ΠΠ1772,7.17115,,,761130
62,,,73675,1,,,756776Π31,79777777(.)ΙΠ’13,77.6139,.4777771
745, 77, 7717776114, 14. 44, 10. 77. 138,7. Π9,77, 19411114141111
1Π17,,,,,.,..78762777417777 20,7.,.25729,7731,7,,6177.6Π
6114, 7723, 19 611897 77117155,ι7.777,77777139 11.19. 1119, 77.
34,7 ,46,7,,,Ι11115,77641,7777- Π1120,,ι7257,642,777777130
17177619,.,74277.Π11,7,7,7Π11 750, 77.Π18,7.11Π33,7,,6677.
22 9. 6 9, 90. 77175776139, 91. 61207. 40, 19. 6Π9,7. usus(909)
7771176 1 14,7. 36, 15. 44, 99. 40 49, 6124, 19.
7,,748 Π1123 19 VI91434*19 77612,7.77.,,,,,,,,..3777774777577
7761116,,72’7,7.38,7,77711’7776Ι 6,7.77.,677.7,,,7977.77,1,0711,
7,,,77287..30,7731,7.36,7,,626 7127137777771671977
77,,.357 43,91. 16134 77 77717776 20,77,,.77.22,77.77 25,7..777..77
11111'9,4.10119190199,4 77717717- 26, 7, 28, 7. 14. 29, 10. 31, 77, 40. 49.
776113,,,,74577 33,77,7ο34,ι,35,7ιο,36,,738,
7771877776 ariorum V 594 99 11. 39, 9..19 19. 99. 40, 9. 41, ιι.
7717767611 20, 15. uoluntatem 119, 19. 42, 77. 43, 9. 9..9 19. 19. 44, 94. 99.
931441H1119511V419 46,7.’,,’.,...,ιι4677487774977,,50
61135, 77 77177676717,7ι. 20, 77. 51, 4. 52,7. Π1, 9 3, 10. 5, 77,
4⁰ 30 '42445' 10 341129494'1491454 7718, 77. l4799. 10, ,11431.,911,4.
77 22’7717777676 7117711111 197 21, 7122, 7 944. 12311, 25, 76. 26621,
uoluptatis V 14, 77 uoluptatem 153, 27 9. 4. 9. 77. ιι. 28, 777. 32, 8 (814
77. 901999999’153, 19. 7761. 10. 33, 9. 910. 77. ΙΠ2,7 3,10
6717Ἓ77771Π5Ἡ71Π121Ἥο776141 4,7.78,7.,,.,779ι712713,77,
{aa 444441441 111117 21, Voluseno 16 2⁰44, 1192'1184589145151'40109 ἐξ, (ἒ.
Vorenus V 44,9.10.19. 90. 67777776 22, 4. 26, 1.9.III,11 77, 2, 1 7. 3, 7,
447. 11, 9.9.1014. 12,7.13, 77. 7718, 9.
910917(91.)VI{{;5‚19⁶.z uestruglO (9.)6Π 77. 17'9132 199 (ΜΗ) 19 (598) 14. 21, 7,
(7171771071 1717711777) 177318, 1241, 1. 9¹54. 74117275, {⁰3⁷1 ,1 4?
ffiuobm(abl.)V39,4.uob1909111V11' 36796 101019. 771177. 59130. ¹8193 10.
,1· 7 1949 19. 7.
Vosogo (7751.)11Π 10,1. 14.15,4.19,10.1’8, 10. 19,1.11. 20,
77777796ΙΙ 611716, 4. 132 Π 7. 1:23219. (ἓή 94. 444³ 831977. 23, 11.
111876112511181 30,7’.7777114)7017.) 41, 10. 13, 9. 15810 44, 9545, 743,
1Π24,77. uocibus (751.) 139, 918 747, 7. [77]. 48,9.1919. 49, 19. 50,
Π30,7.Π117,77.640,77.43,.77 4.5.'51,193,.494.54,1990 555.
61367 77,,577.58,7.61,,,.,172737ιο
77757777(7171..,,77)611177775777776Π6,7 7, 77. 8, 49 9, 19. 10, 9 5. 9. 19, 9
77171719.,,)6Π36747,,,,77387777- 2414111541919 187722
1777776117,6Π15,77775716,,7 1143„999'10.,'990.5.f‚.f193010
397 7771777779 .) 611157 urbium 11. 32, 9. 77.3,3 19 34, 7. 1419. 77. 99.
VII,4319. 94.:..',355993V5.,..19.'38‚.114099
urgeri II 25,7, 26, 7, 14. 41,7 ,,742 .43, 9. 10. 77 4477711

 

