338

19. 40, 19. 44, 22. Π 4, 9. 8, 9. 4. 20, 19 23, 15. 38, 9. 52, 9. 58,,1. 60,·11.
s. ΠΙ 14, 9. 18, 4. 21, 9. 24, 9. 26, 2. 66, 4. 11. 73, 9. 19. 65, 9. 87, 4.
1111 13, 15.⁸ 7 2, 8. 7, 4. 22, 19. 28, quoad ΠΠ11,11.12,19. 1121. 24, 20.
15. 31,9 (599). 44, 9, 53, 15. 71 1, quod (coni.)11,1.11.2,1. 3,11. 6, 9. 19,
15. 1319. 20,9.29,11.35,19. 711 7, 19. 19. 9, 9. 12,19. 13,11. 14, 2.
16,9 20. 99 27, 5. 33, 9. 45, 11. 19. 5. 1. 99 (2²2)- 19. 11. 15,1. 16. 9. 9.
52, 5. 9. 77, 99. 91. 41. 42. 83‚1. 10. 87, 14. 19. 17, 11. 18, 2. 2. 19. 24. 19, 99
- 10.q110d146,5‚11115,5. 1114, 20. (bie). 5. 920, 99231. 2. 1. 9. 19. 25,
quo (m.) Π 26, 12. 7127, 5. qua 9.11.26,1.27,19. 28, 9, 9. 19. 30, 9.
12 3 ξ 6116312· 11962 22 ⁷· ¹2· 313· ³2¹⁰· ³³² ⁷·
4222} {⁶³2³ 916.. ⁸2³³ .. 92911.. 13.. 337169
1,, 1411403 1 Η 1 1969, 1211, 11. 191
1.. 111 995111118234144962 {2⁶221322.1}1,⁶1.¹⁶23,21⁵1¹4’2{;
1³.q11(n.)1114,11.410114221. 9. 25, 19]. 30, 9. 33, 9. 35, 5. 1111,
43, 95. 7Π54,9. ᾳῦξεΠΠέὼ1.Ρυδθ 5. ,1. 19. 19. 3, 941. 6, 19. 7, 4. 8.
(acc.) 7Π 20, 99. qmbus( . .) Π 8, 2. 9. 9, 9. 1. 12. 1299191311.
30,,9. ΠΠ 5,1. (9.) ΙΠ1120, 11. 14, 99. 17,9.11. 18, 14. 21, 19. 23,
qmspmm 7117,19,91199919111(9.9.ῐ.) 9, 27, 9, 28, 2. 9. ΠΠ 1, 5. 11. 2,
7 35. 2. 19. 3, 9. [9.] 5, 1. 7. 9. 12, 9. 4. 1319.

,1991991499 111 991. 1111 9ο, 9. 141⁸· 16. 9. 9. 9. 20. 9 ³- 21, 9. 22,
V43,12. VI 22, 2. 25, 1. 35, 99, VII 9. 9. 24, 4. 26, 919. 2719, 2211,
3694699. 621915. 761991119- 30. 5. 9. 31, 9. 32, 9. 36, 4. 38, 9. 7
(luam 01· 6·) ΠΠ 2, 10. 20,1ο. ouius- 1,8. 2, 19. 4, 9. 5, 9. 6, 991911.
(luam (16) VH 20,99.75,99.9119111- 711. 99. 9,5. 196969). 10,9, 16, a. 9.
1111111120, 9. 7123, 9, 36, 9. VII 23, 919. 24, 2. 25, 9. 1, 2791669). 1,

, 12. ,1119911919 (99911 19,19. 53, 14. 19. 91. 28,1. 12. 331919. 33, 11.

19 Π 1 ,9. ΠΠ 1, 21. 16, 14. quid. 45, 9. 46, 9. 47, 9. 50, 9. 51, 9. 52,1.

quam (acc.) 7 41, 9, 15.53,11.54,1958,19 714,1. 5,

9919999119,11.59,,. 114, ,,, 11, ,, ⁵· 9, 9. 1991999. 199199, 19,
21,12.25,1⁸,11115,5, 7319. 11, 9991, 21211· 242⁹· 29, 2. 3011.
¹⁰· 1510· 22, 13. 31, 9. 33, 17, V13''1⁹ 31, ²· 32213· 36, ⁶· ¹41, 1. 42221.
12. 43, 9. 7Π 31, 4. 48, 1. 71, 9,, 80, 1ng 1, fils· 4‚³. 152 14. 81421. 9,1.
3. 3131311131) 31 23113 1⁵3 ἒὶ 11. ’16ῗίἶὶ 19. 31 96 3 661

31, 42. VH 22, ,1, 32, amb.) V 54 3· 4· 8. 9. 15· 1⁷. 21, 7. 22, 6, 23, 13,

1· VI 23, ιο. (9.) 7 1212, 0111qu 24,14‚ 259.26.1.1.ι9.27,9,3(),9,

(16) VII 349. 75, 4. 81, 9, (fi) VH 4. 32, 9. 33, 1. 37, 19. 38, 11. 40, 9. 943,
146411. 52919. 551599. 56,1.

{253262313312 1 5, 9. Hglo,)121. 6,, 3. 9· 63'12 13. 55, 8· 14168, θ’ ,5,

45, 9. ᾳιιοἮιο ⁹(1151'111.qtvlr1⁰.()iq}fe aga„ 20· 77, 99. 80, 19. 84, 9. ἐυέᾰ 911

221921111561121 Ἧὲθνὲῗὺέἐῗ ἓξῖ11321ῗ 1347341515· 311911 nisi 211

Q quioquid (n.) 7Π 46, 9. (aec.) ‚qffi’mffifl 23 2

W (3502 uis Hm , quo 911959111122, 19. quominus VII
1131,12.11113,1. 'u' ψωω91131136111135911361429 V3
,1515999199 91, ,1 42, 11. 1119, 1,, 91, 1.. 4919] v1' 1’, 4. ’1,’9 11ζ
95Ιὲ {⁴13 agkei 25219. {Hm 1. 40, 4. 7Π 2, 9. 50, 19. 64, 5. 72, 9.

, ,5. ,1. ,9. 7,19.33, 839.

97 3,·19, 139. 14, 11. 21,5. 1. 56, 9119119911,19.ΙΙ10,19.22,9. ΙΠ7,
5. 11191219. 33,1. 37,11.vl1 1.111116,4. V39,5. VI? 24. 30
5, 9, 11,, 14, 10. 18, 9, 99, ,1, 24, 11. 111 91, 11. 91, 4. ' ’

 

