360

18,1.1.20,5,21,11.23,14.11, HH 1111111 (acc. 111125, 11211, ue-
1111111111,1111111, V 9, 1111111142,1,·1111151111 37, n.
1561581718,1113112311. 1124,o. V 2, 11, 718, 11. 7Π 30,
3211, 3113111, VH 8, 11. 9, 1. 111111114211. 44111. ΙΠ 17,
10. 12, 1, 26, 11. 281, 49,1, 51, o. 11, 11111111147,11, Π 29,1, ΗΠ
62,1,11. 67,11, necubi VH 35,1, 16,4. 1111118,1,49,1.ΙΙ2,1,ΙΠ
Vbi (11111141. Vbii 11113116, 18, 1, ΙΠΙ 27,1, 37, 117 31, 719,
117111, Vbiorum ΠΠ 8,1.19,1, 1,12,1,19,1,7Π3,1.56,11. 111111-
VI *9, 11, 29, r, 'Vbis (d.) 1111 8, 8. 1111111431, ΙΠ1 7,1, 1311, 22,1,
7111111.) VI 10,1, 71111111111, 34,11,36,1,73,11,10,1,26,1, 71
1, 1911. VI 29,1. 71111(111.)11 28, 11. VH 12, 11, 77,11. 11111111Ι
10, 1. 44, 11, uenenariorum. uenisse
ubique HI 16,1, 131, 11. 41111. ΙΠ 6, o. 11. HH
uectigal uectigalis (9.) 72211. nscii- 7,1. 715, 10. 7,1.37,11. 7Π 66,
3111(111,)118,1.36 1, 1. 111111112511 7201, VH
uectigales (acc. m.) IH 8,1. 11Π3,11. 48, 1, 57, 1, 58, 4, 1111111111 I
1111111111111. 11.) V 8,11. 54,1. ΙΙ 6,11. 7,1.18,11. 21111.
11111111111 (adu.) VH 87, s. HI 6, 1. ΙΠ122, 19. VI 9, m. 37,
11111111111137,1. 40,1. 5211. ΠΙ s. 11111111 ΙΙ 3,1. 17,1, ΙΠ1 6,1,
22,10.V11 44, 9. 50, 1, 56, s. 11111- 71,11.2,1.11,11.18,1, 71 41,1.
mentius (cdo.) VH 84, 1o. VII 6, 4. 7, s, 11, 1. 44, o. uenissent
11101191181111911111. 31, 1 (111. 1111, 111111711111111111111121
11, ΠΙ 14,1, 11Π7,111511).16,11. 1111111111111(111.)142,11.11111111·
71137, 11. 11111 ΠΠ 32, 15. 1111111111117
711111111117,11. 7111111 111 8, r. 29, 1, uenturum (11.) I 34, 5. ΙΠ1
Veliocassis (d.) VH 75, 11. 71111111- 21, 11, 7 3,11. 11111111131,1.

111 (acc.) Π 4,11. VH 18, 5. 1111111111.) 7119, 1. ’

71111111171175,1. ueniri 111 11, 7 56, 1. VH 3111.
711111111111 7Π 11, 1, 14, 1. Vel· 70,11, ueniretur VH 281, uentum
leunodunum (1111711 11,1, 1111431. 726,1, 71431. 111
uelocibus 71281, uentum 1111111.. uentum 1111 Π
uelox uelocissimi (11111. 11.) 148, 11. 11, 11. 111231. 111111111111 VH

uelocissime V 35,1, 61,1.
uelum nelis (abl.) 111 13,1. 11, 14, 11. 11111111111113,1, 1111111111 727, 4.
111111 8211, 1111111111 ΙΠ1 321,

1111111111 7128, 1, 111111111111(α7)1.) 111111 IH 13, 11151, V 7,1, 11111

HII1 11. 71 21, 5. , (1.) 7 43, 4. uenio(d.)111 13, 1ο.
1111111111 (111.) 71 27, o. 11111111 ΠΠ 23, 11, nenio (abl.) 1111
renident6 1111 2,1, uendidit 11 33, 11, 22, ,132817 8,1.43, 1, uentorum

HI ,11, ΠΙ ,11,

‘Venelli c. Vneili. uer uere VI 3,1.
711111 (pl.) Hi 8,1. 9,1. Venetorum Veragrorum 1111, 11. 2, 1. Veragros

IH 16, 1, 7111111 ΙΙ 34, 11Π 7,’ 1. ΙΠ 1,1.

11, 11, 7111111 (abl.) 11117, ι, 18,1. Verbigenus 1 27,1,
7111111111Π9,11. uerborum V 58,1. 1111111111.) 1114,
Venetici (9. 11,) ΙΠ 18, 14. Veneticum 1, 111111(111.)Ι20,11, 33, 1.

(occ. rc.) ΗΠ 21, 1, 711111111111111111 7Π 88,1ο. 711111-
111111117111511. 1111117141, 1111111111 (ἀ.) 711 76, 11. 711111-
1111117481, ueniunt 1111 18, 5. 21, sineileunum VH 83,11. 8111.

10. VH 32,1, ueniat V 461. 49, 19, Vercingetorix VH 4, 1, 9, 1112114,

VH 63, o. 80, 1. 1111111ΙΠ15, 1, 1161201111. 31,1.34,1o. 35,1,

7Π37,11. 111111118, 11. 33, 11, 1136, 5. 51, 1. 53,1, 66, c. 67, 11, 68,

311. 1. 35, 5.Π5, ro. 1111. ΙΙΠ22, 170,11.71,1,75,1,81,1.84189,

1173114127, 1146111411. 1. 1. Vercingetori 11 7Π 12, ro. 26,

7Ι2,11.3,1.35,11.7111,1. ne· 17611831. Vercingetorigi VH

 

