369

3 armatos 35,13, 43,,3 armatis 29, 4. 36, 13. barbaris (6.110, 3,
(6163613513. 53153103321,

4111311333ἓ1η161 31,13. ² BelgaefflJ 54,11. Belgis (6.138,3

arripuisset 414. Belgas6‚4.
arrogantiae (31311336, 40 Belgi um 1333 444.) 46, 33 Belgio (356.)
Aruernus 13. 4111111111 (9.) 44, 13, 46, 11 3,1. 54,13.

41331313 356.) 46,13Ι bellicosissimis (356. 61241
ascendere ,,43,’3 5663531131111113
ascensu 14 11340, 33, Β311311333 (abl.) 6, 3 Bellouaci (pl.)
44414144444444.) 30,3, 12, 3, 15, 4. 20,3. Β3113113331111116,
asperius 44,3, 3143 16, ,21, 3.,,233 Bellouacis
1313162742963913616 16 66 6 45¹4¹¹⁰42144⁷44
333113(31633333633))313336, 3131113. 38,.3

33.,.,31153.6,38,3,10131153111131(13.,,14935311113631

12131413163183319 13.6,.11211338,..3311.,463,,49

1. 31,, 44, 3 3613161336 1,,331131113131333, 63116 ·

41,,1143,1(1,44,13,,453,,4633, (333.)2,.,,,94163,,,21322,.33.

481114501151352113355 243541553 53113(356.151,3,
21 4641443 11153636, ,.13 (5163. 20,,3 1311111111125,5 praem (.,33311 4. bel-
3 14
Atrebas 21, 1. 4313533336, 14 46,1. bene ‹1441452444364 461, 14.

Α31353335,3113135331111146.4313-53113313 abl. 20,3,

batus-7, 11, Bibracte 333. 4, ,(356.,123,

attin 3133503 5111313331,10,3. 6511113 (356. 6123
mg«) 3133333115113113 48,1 erant ¹'bis

attributi6, 11, Bit turiges (3.13, e. 14. 4,.3 Biturigum
auctor 41, 13, 32, 4 44, 3, auctores 2, 44. Biturigibus (356.) 11,.3

(4443) 414. 531113 (abl. mJ 221.

3333311333 54, 33, auctoritatem 32, 3. brumalibus (356. 15,,143,

4613. 52,13 auetoritete 31, 11.

5215 (1.--( Galus) 26148, 3, 5213 (613
audabius414284 11113124,..3350,1154,13.1,.3551
3363133263.336313113511. (ι-6313,356.146,13.48,31.[54,3].
audimusdpr a? 531 3131131133 24, 3 52, Cadurcum 30, 4. Cadurcorum 34, 4

3 3111313
auertere 40, 4 311113 auersae 43, 13. wellis 9(3121 3. 33311320, 4 36, 3. 480-
1311131 ..1311111161361
aut 336,331,3(513).,..(3311356310333311,.,1213,,,1141.5,,,361

111]31313131111(5ι3 631383931111331413
5,,,,,’,.,,.,,15318319332513323 153.,161,16,3. 20,3 .22,,,1241,

11(513).30,.1334,11.’113.36,13(5631 3813114011141,43,.144,

4331461483149151352154
311331111 336,13.1,13.6,1113. 6,13. 4544 0333311131 336, 3...311 33

1,.1324,.’,.’,113313413.40,3. 3,1.3..,.013[151316, 0,,..,35011351

11148333 1.52,,13..13533...13543.033-
3111111335εὸ, 14. 33131119 4 20, 11 21,3 233. 44,
31111111,,,113111311(33.)3,31,111346343334133331..

1281. 48, 11. 3111113(3110,1. 3313311356,1...,.3331323354,3.

(ace. 6,11,10,13 1,,63 21,3 25, 33133133331116, 13, 33531633351 19,

,3 33111113 (351146 44 1320313] 213313363 3313-
Β3153(1133.1311336.,1. 3651115111(1351.166,11
barbari (pl.) 10, 13 14,13.15,1..11 0313113133,13.

barbarorum (less 4 13,13.34,11.33131311,11

033331135311111303111311111.

 

